  4.2907e-17  2.50427e-08     0.999983  5.07744e-58  1.73984e-05
 2.91744e-08  1.00783e-13            1  6.46112e-33  2.32123e-07
 5.04319e-16  6.86025e-09      0.99998  1.16409e-54  2.04796e-05
 8.14316e-17  2.31755e-08     0.999979   5.4027e-57  2.13836e-05
 4.88903e-15  1.97124e-09     0.999979  1.42208e-51  2.07164e-05
 4.93075e-12  2.47394e-11     0.999993  8.86436e-43  6.50467e-06
 3.55676e-16  1.25227e-08     0.999974  7.27563e-55  2.63558e-05
  3.1557e-11  7.56407e-12     0.999996   2.5888e-40  4.08809e-06
 1.69099e-13   2.5838e-10     0.999984  9.93987e-47  1.64823e-05
 3.02252e-17  8.93654e-08      0.99997  5.06578e-58  2.98716e-05
 1.60325e-10  2.57412e-12     0.999997   4.8457e-38  2.60026e-06
 1.68779e-11  1.25925e-11     0.999994  1.06224e-40  6.02958e-06
 1.71366e-10  2.49614e-12     0.999997  9.19966e-38    2.751e-06
 3.34973e-17   1.4601e-07      0.99996  9.96039e-58  3.96204e-05
 1.65562e-11  1.40123e-11     0.999993  1.87098e-40  7.10881e-06
 2.66954e-14  1.59506e-09     0.999964  1.28634e-48  3.56582e-05
 5.87126e-11  5.87638e-12     0.999995  1.05487e-38  5.04121e-06
 6.43342e-11  5.64746e-12     0.999995  1.68198e-38  5.13717e-06
 5.16707e-16  4.15658e-08     0.999938  8.89006e-54  6.19427e-05
 1.25151e-10  3.59758e-12     0.999996  1.69585e-37  4.38882e-06
 4.67739e-12  4.83815e-11     0.999984   1.4637e-41  1.56025e-05
 2.16428e-11  1.53622e-11      0.99999  1.56824e-39    9.863e-06
  7.2568e-10  9.63301e-13     0.999998   4.7074e-35  2.33712e-06
 1.36984e-10  3.81649e-12     0.999995  4.85469e-37  5.32575e-06
 3.65379e-13  5.08965e-10     0.999957  1.28186e-44  4.34132e-05
 5.70273e-14  2.60211e-09      0.99993   4.6654e-47  7.02144e-05
 2.80549e-08  4.78283e-14            1  3.19976e-30   3.7113e-07
 2.00951e-06  1.19637e-15     0.999998  4.59161e-25  1.97982e-08
 1.76939e-08  7.04016e-14     0.999999  1.37476e-30  5.34542e-07
 1.05979e-10  6.25991e-12     0.999991  6.84499e-37  8.92786e-06
 1.15526e-09  7.98736e-13     0.999997   8.7632e-34  2.90497e-06
 7.12203e-12  7.86985e-11     0.999968  2.85379e-40  3.18855e-05
 2.74647e-10  3.16302e-12     0.999993  1.89478e-35  7.05812e-06
 3.56498e-14  1.19137e-08     0.999839  2.08786e-47  0.000161465
 2.08526e-09  5.37371e-13     0.999997    1.022e-32  2.69933e-06
 1.30164e-09  8.70934e-13     0.999996  3.08766e-33  3.80234e-06
 1.53072e-08  8.66199e-14     0.999999  4.70884e-30  8.75929e-07
 1.94035e-10  6.01871e-12     0.999987  1.50057e-35  1.25572e-05
 3.38265e-10  3.77054e-12      0.99999  9.27657e-35   1.0201e-05
 1.82919e-10   7.4373e-12     0.999985   1.6814e-35  1.54354e-05
 3.70715e-11  3.98389e-11     0.999963  1.43932e-37  3.72412e-05
 1.87236e-11   8.8363e-11     0.999944  1.92066e-38  5.60698e-05
 1.12375e-11  1.67719e-10     0.999922  4.26175e-39  7.75854e-05
 3.06857e-14  8.55576e-08     0.999513  1.76126e-47   0.00048722
 1.24684e-12  2.18672e-09     0.999778  4.20303e-42   0.00022164
 3.94348e-09  4.87483e-13     0.999996  4.27326e-31  4.16459e-06
 8.14453e-10  2.84854e-12     0.999987  4.16169e-33  1.27144e-05
 2.37699e-07  6.26037e-15            1  1.00578e-25  2.05123e-07
 7.52155e-13  7.66031e-09     0.999577  9.21485e-43  0.000422505
  1.1339e-11  4.47975e-10     0.999827  7.63484e-39  0.000172852
   1.092e-09  2.96391e-12     0.999984  1.70485e-32  1.58201e-05
 7.46095e-10  5.06543e-12     0.999977  5.85193e-33  2.25636e-05
 8.86126e-09  3.16945e-13     0.999996  1.36988e-29  4.38855e-06
 3.54356e-07   4.4223e-15     0.999999  9.46708e-25  2.08153e-07
 1.87916e-07  9.65825e-15     0.999999  1.74838e-25  4.01821e-07
 4.45369e-08  5.70533e-14     0.999998  2.79646e-27  1.56848e-06
 2.65741e-06  4.07699e-16     0.999997   5.5007e-22  3.36354e-08
 2.66838e-07  7.04068e-15     0.999999  8.03661e-25  3.64259e-07
 7.30448e-06  1.15462e-16     0.999993  1.43693e-20  1.23285e-08
 7.88008e-08  3.60537e-14     0.999999   2.7903e-26  1.36894e-06
 2.23386e-08  1.95268e-13     0.999995  6.62067e-28  4.69697e-06
 1.07453e-05   6.8494e-17     0.999989  7.57646e-20    9.048e-09
 3.20965e-10  6.44219e-11     0.999843  9.34359e-34  0.000156993
  4.8106e-12  2.16289e-08     0.998237  4.86368e-40   0.00176341
 9.41337e-09  9.29148e-13     0.999984  6.64766e-29  1.59295e-05
  4.8811e-12  3.55484e-08     0.997595   4.6121e-40   0.00240464
 7.77044e-11  9.67042e-10       0.9993  8.11699e-36  0.000700236
 3.92487e-08  1.81658e-13     0.999994  8.41781e-27  6.36013e-06
 3.07044e-07   1.0759e-14     0.999999  5.94737e-24  8.70684e-07
 8.49031e-09  2.09302e-12     0.999966  7.06188e-29  3.43899e-05
 8.64476e-09  2.36712e-12     0.999961  7.98693e-29  3.91446e-05
 1.20846e-07  5.45755e-14     0.999997  4.49017e-25  3.36452e-06
  2.9408e-09  1.65531e-11     0.999863  2.35538e-30   0.00013676
 9.95365e-09  3.08364e-12     0.999946  1.50438e-28  5.42177e-05
 1.96851e-08  1.26668e-12     0.999967  1.54748e-27  3.29493e-05
 4.24918e-08  4.43449e-13     0.999982  2.11285e-26  1.75976e-05
 3.71277e-07  1.64093e-14     0.999998   2.6432e-23  1.80206e-06
 5.24821e-07  1.04622e-14     0.999998   8.8173e-23  1.35061e-06
 3.77678e-07  1.98371e-14     0.999997  3.36544e-23  2.30412e-06
 1.15188e-06  3.53189e-15     0.999998  1.32375e-21  6.45804e-07
 2.28173e-06  1.23935e-15     0.999997  1.28572e-20  2.94031e-07
 0.000220099  6.10423e-19      0.99978  1.53628e-14  3.21247e-10
 2.53123e-05  2.39108e-17     0.999975   2.8707e-17  1.09783e-08
 1.87602e-08   7.2445e-12     0.999839  1.70512e-27  0.000160754
 8.55364e-08  6.01811e-13     0.999965  3.43037e-25   3.5206e-05
 2.55642e-07  1.00621e-13     0.999989  1.50261e-23  1.08801e-05
 1.08085e-08  3.95136e-11     0.999482  2.24136e-28  0.000517772
 5.61575e-07  3.27491e-14     0.999994  2.38296e-22  5.38239e-06
 9.90655e-08  1.00366e-12     0.999938  6.17123e-25  6.18212e-05
 2.60489e-06  2.43652e-15     0.999997  4.57049e-20  8.16094e-07
 5.61082e-05  7.74546e-18     0.999944  9.51305e-16  6.12715e-09
 5.93974e-08  5.32232e-12     0.999786  9.57639e-26  0.000213906
 5.16566e-07  9.00375e-14     0.999985  2.17389e-22  1.47463e-05
 4.45771e-05  1.41963e-17     0.999955  6.58686e-16  1.26164e-08
 9.87112e-06  3.20938e-16      0.99999   5.5026e-18  2.03108e-07
 3.04475e-06  4.09393e-15     0.999995  1.12371e-19  1.70071e-06
  4.8771e-08  3.11153e-11     0.999152   3.5555e-26  0.000847591
 2.29439e-07   1.4656e-12     0.999866  1.14715e-23  0.000133662
 1.29395e-06  4.31405e-14     0.999987  6.16648e-21  1.20544e-05
 0.000314359  3.25356e-19     0.999686  6.23385e-13  5.09311e-10
 3.29619e-07  1.44861e-12     0.999841  3.93179e-23  0.000158448
 9.71695e-05  4.75041e-18     0.999903  1.84665e-14  7.28496e-09
  1.6356e-06  6.06731e-14     0.999979  1.43568e-20  1.93952e-05
 2.61587e-05  1.16371e-16     0.999974  2.71572e-16   1.4057e-07
  0.00587858  4.44528e-22     0.994121  9.21401e-09   7.6809e-13
 2.58697e-06  4.12789e-14      0.99998  7.45292e-20  1.73087e-05
 1.57711e-06  1.79867e-13     0.999945  1.12203e-20  5.35476e-05
 1.38537e-07  1.15616e-10     0.996236  6.46561e-25   0.00376342
 9.67561e-05  9.29498e-18     0.999903   3.2395e-14  2.00215e-08
 1.56948e-05  1.09468e-15     0.999983  5.57096e-17  1.27986e-06
 4.61583e-06  3.35792e-14     0.999976  5.71658e-19  1.97461e-05
 4.01978e-07  3.32426e-11     0.997666  2.93843e-23   0.00233331
 2.46262e-06  3.27877e-13     0.999881  4.35137e-20  0.000116863
  0.00164167  8.85832e-21     0.998358  6.03984e-10   3.2788e-11
 5.87392e-05   8.3884e-17     0.999941  7.34882e-15   1.9622e-07
 7.74115e-06  3.29037e-14     0.999966  3.30798e-18  2.59648e-05
  0.00244505  3.16525e-21     0.997555  3.04114e-09  1.37624e-11
 5.46729e-05  1.86788e-16     0.999945  5.81402e-15  4.61064e-07
 2.47537e-08  5.06817e-07     0.548597  8.78878e-29     0.451402
  4.8928e-05  4.11236e-16      0.99995  3.73272e-15  1.00322e-06
  0.00243481  3.55089e-21     0.997565  4.54874e-09  2.00231e-11
 3.28393e-05  2.42693e-15     0.999962  7.25081e-16  4.81502e-06
 0.000305826  2.55644e-18     0.999694    3.725e-12  1.37735e-08
 0.000126568  5.29472e-17     0.999873  1.35843e-13  2.19706e-07
 6.16851e-05  7.39461e-16     0.999936  7.73147e-15  2.17298e-06
  0.00223105  6.02558e-21     0.997769  5.25314e-09  4.71569e-11
 2.06197e-05    6.476e-14     0.999897  6.46902e-17  8.28074e-05
  0.00085808  1.84639e-19     0.999142  1.95229e-10  1.56236e-09
 0.000271322  1.26492e-17     0.999729  2.46192e-12  8.29808e-08
  0.00998408  4.26333e-23     0.990015  1.23688e-06  3.38689e-13
  0.00165936  2.69087e-20     0.998341  2.50088e-09  2.87251e-10
  0.00105432  1.65015e-19     0.998946  4.75414e-10  1.78113e-09
  0.00616733   2.5594e-22     0.993832   3.1542e-07  2.81498e-12
  0.00707918  1.58641e-22      0.99292  5.55091e-07   1.8141e-12
  0.00217063  1.65822e-20     0.997829  7.99499e-09  2.27362e-10
  0.00903983  6.59391e-23     0.990959  1.54744e-06  8.14282e-13
  0.00212567  2.44878e-20     0.997874  7.81833e-09  3.76488e-10
  0.00090804  1.12218e-18     0.999092  2.59609e-10  1.46224e-08
 0.000759682  3.38385e-18      0.99924  1.18095e-10  4.05544e-08
 7.96216e-05  1.61741e-13     0.999602  2.89392e-15  0.000318737
 0.000349281  2.61551e-16     0.999649  3.13647e-12  1.89102e-06
 0.000157242  2.09552e-14     0.999774  5.52446e-14  6.86876e-05
  0.00174328  2.95669e-19     0.998257  3.41306e-09   4.2674e-09
  0.00101709  5.79023e-18     0.998983  3.02427e-10  6.78755e-08
  0.00248782    9.975e-20     0.997512  1.46329e-08  1.51918e-09
   0.0025585  1.19372e-19     0.997441  1.59832e-08  1.81293e-09
  0.00810526  4.45446e-22     0.991893  1.97168e-06  6.73932e-12
  0.00129095  9.71832e-18     0.998709  6.08342e-10  1.10993e-07
  0.00727872  1.18705e-21      0.99272  1.32447e-06  1.86591e-11
  0.00842928  6.72334e-22     0.991568  2.47697e-06  1.04286e-11
  0.00217696  2.03146e-18     0.997823   5.3345e-09  2.69454e-08
  0.00187425  8.15114e-18     0.998126  2.23366e-09  9.69331e-08
  0.00266325  1.54478e-18     0.997337  1.13803e-08  2.11015e-08
   0.0150791  5.37035e-23      0.98489  3.10513e-05  7.47288e-13
  0.00726318  6.39308e-21     0.992736  1.21648e-06     1.05e-10
  0.00152909  3.68148e-16     0.998468  3.27899e-10  2.90301e-06
  0.00346576  2.16147e-18     0.996534  2.52196e-08  2.94321e-08
  0.00369321  2.42721e-18     0.996307  3.00859e-08  3.29511e-08
   0.0197301  2.45608e-23     0.980158   0.00011183  3.30638e-13
   0.0944671  1.60905e-28     0.795046     0.110487  4.14925e-19
  0.00203094  2.59027e-15     0.997953  3.57376e-10  1.60618e-05
  0.00675256  2.34813e-19     0.993247  4.38946e-07  3.70084e-09
   0.0112427  5.97523e-21     0.988751  6.36879e-06  1.00771e-10
   0.0151871   7.4251e-22     0.984784  2.89452e-05  1.21099e-11
  0.00533948  1.50461e-17      0.99466  5.31266e-08   1.8362e-07
  0.00559578  2.27098e-17     0.994404  5.26966e-08  2.68605e-07
   0.0428821  1.88327e-25     0.952026   0.00509188  1.63368e-15
   0.0192688  4.35394e-22     0.980652  7.95138e-05  7.07222e-12
   0.0287347  1.23362e-23     0.970579  0.000685927  1.64483e-13
   0.0763889   1.8865e-29     0.621933     0.301678  3.70718e-20
  0.00882255  2.09073e-17     0.991177  2.18076e-07  2.57949e-07
   0.0260849   1.0319e-22     0.973579  0.000336236  1.59531e-12
  0.00473242  5.16062e-12      0.98679  9.76806e-11   0.00847802
   0.0246208  5.89456e-22     0.975196  0.000183475  9.87555e-12
   0.0243795  1.27631e-21     0.975476  0.000144753  2.19247e-11
   0.0150134  4.89532e-18     0.984985  1.91036e-06   7.0012e-08
   0.0158628  8.03288e-18     0.984135  1.84628e-06  1.11539e-07
   0.0415516  2.99886e-24     0.954153   0.00429555  3.69875e-14
   0.0269809  7.47478e-21       0.9729  0.000119387  1.33472e-10
   0.0382509  3.35407e-23     0.959897   0.00185175  5.00754e-13
   0.0418319  1.21878e-23     0.954853   0.00331489  1.70537e-13
   0.0376839  2.13899e-22     0.961249   0.00106745  3.54684e-12
   0.0598813  7.35195e-27     0.866196    0.0739225  4.61225e-17
  0.00244739  9.13341e-40   0.00685008     0.990703  7.20352e-33
   0.0373422  4.01813e-31     0.330423     0.632235  4.73048e-22
   0.0587202  2.21901e-28     0.709777     0.231503  8.31455e-19
   0.0132361  2.61228e-34    0.0889089     0.897855  6.60199e-26
  0.00657795  1.75585e-36    0.0368483     0.956574  1.28391e-28
    0.050128  7.41629e-22     0.948048   0.00182445  1.31832e-11
   0.0453606  8.28999e-30     0.499324     0.455315  1.84688e-20
   0.0593592  4.02993e-24     0.924095    0.0165462  5.39573e-14
   0.0590536  1.47378e-27     0.757853     0.183094  7.89104e-18
   0.0608071  9.89814e-17     0.939164   2.7972e-05  1.24943e-06
   0.0398317  4.40688e-30     0.453228      0.50694  9.21792e-21
   0.0245845  6.18702e-32     0.261513     0.713903  5.75641e-23
   0.0581048  1.38836e-27     0.725357     0.216539  7.63747e-18
   0.0467166  4.77894e-29     0.563498     0.389786  1.56875e-19
   0.0121096  2.29057e-34     0.128625     0.859265  6.35597e-26
   0.0889424  1.12711e-19     0.909586   0.00147196  2.13455e-09
    0.061226  4.36282e-27     0.735231     0.203543  2.91421e-17
     0.15323  1.08841e-13     0.846137  1.09011e-05  0.000621845
   0.0696177  4.77992e-26     0.789522      0.14086  4.36856e-16
   0.0543626  7.10748e-28     0.641434     0.304203  3.77802e-18
    0.107105   1.8767e-21      0.88076    0.0121355  3.60688e-11
   0.0710345  3.94348e-26     0.755866       0.1731  3.59502e-16
   0.0608577  3.52245e-27      0.67256     0.266582  2.39924e-17
   0.0593336  2.50089e-27     0.651519     0.289147  1.64068e-17
    0.285797  5.75948e-14     0.713726  8.54548e-05  0.000391725
   0.0829214  2.13566e-25     0.754218      0.16286  2.39227e-15
    0.154205  7.80097e-21     0.826702     0.019093  1.56758e-10
     0.31159  2.63074e-15     0.687871  0.000511995  2.74677e-05
    0.048552  2.85908e-28     0.538506     0.412942  1.44374e-18
   0.0948643  5.68812e-25     0.726147     0.178989  7.15306e-15
  0.00935427  6.05716e-36     0.200508     0.790138  7.38235e-28
   0.0224238  1.43128e-31     0.341324     0.636253  1.98047e-22
   0.0799606    5.108e-26     0.636323     0.283717  5.15594e-16
   0.0581566  1.88427e-27     0.547555     0.394289  1.29143e-17
   0.0524973  6.88779e-28     0.515574     0.431928  4.15427e-18
   0.0359659   1.8032e-29     0.434576     0.529458  6.30437e-20
   0.0281688  1.63197e-30      0.39287     0.578961  3.78528e-21
   0.0336054  9.54049e-30      0.41922     0.547174  3.05181e-20
    0.063985  4.21138e-27     0.515198     0.420818  3.32606e-17
    0.178898   6.7271e-23     0.632105     0.188997  1.24021e-12
     0.11813  1.03159e-24     0.573934     0.307936  1.45428e-14
    0.162086  1.69653e-23     0.585536     0.252378  2.93123e-13
   0.0541024  8.15427e-28     0.456142     0.489755  5.36831e-18
    0.115981  6.47049e-25     0.520172     0.363847  8.93711e-15
    0.512293  2.11262e-18     0.430924    0.0567833  4.19324e-08
    0.019975  2.95407e-32     0.401146     0.578879  3.31188e-23
   0.0128296  6.90052e-35     0.444064     0.543106  1.80433e-26
    0.249709  3.30334e-22     0.473588     0.276704  6.77316e-12
   0.0151042  6.14199e-34     0.454951     0.529944  2.85898e-25
   0.0506679  3.38093e-28      0.40629     0.543042  2.07768e-18
   0.0357016  1.12182e-29     0.407081     0.557218    4.094e-20
    0.216496  6.20332e-23     0.394418     0.389087  1.21318e-12
    0.145511   2.2493e-24     0.380529      0.47396  3.62552e-14
   0.0531173  3.99937e-28     0.385882     0.561001  2.58951e-18
   0.0470326  1.18001e-28     0.388897     0.564071  6.44369e-19
   0.0124039  2.79406e-35     0.625541     0.362056  6.14019e-27
    0.105839  1.33882e-25      0.33348     0.560681  1.75022e-15
   0.0312003  1.33953e-30     0.440118     0.528682  3.51213e-21
    0.287595  4.59009e-22     0.253034      0.45937    1.009e-11
    0.223508  5.52358e-23     0.253854     0.522638  1.12625e-12
    0.105292  1.01201e-25     0.292402     0.602306   1.3232e-15
   0.0655894  1.32664e-27     0.335066     0.599345  1.06584e-17
  0.00752819  2.68782e-37     0.851961     0.140511  1.72364e-29
    0.477066  4.70098e-20     0.131299     0.391636  1.10944e-09
   0.0433554  1.45048e-29     0.414075      0.54257  6.03461e-20
    0.154965    2.212e-24      0.20711     0.637926  3.87603e-14
    0.427942  1.87013e-20     0.106773     0.465285  4.50221e-10
    0.107923  7.40459e-26     0.234323     0.657754  9.83183e-16
   0.0383028  1.97652e-30     0.484966     0.476732  5.91291e-21
   0.0483982   1.7812e-29     0.419249     0.532353  7.86718e-20
    0.106349  4.68884e-26     0.220644     0.673007  6.05757e-16
    0.586727  9.24813e-19    0.0409464     0.372327   2.0763e-08
  0.00711122  1.23763e-36     0.925868    0.0670211  1.43229e-28
    0.450889  5.96871e-20      0.04641     0.502701  1.46311e-09
    0.663169  7.39057e-18     0.020757     0.316074  1.49428e-07
    0.149332  9.04034e-25     0.136441     0.714227  1.58081e-14
    0.267656  3.74947e-22    0.0634535     0.668891  9.09744e-12
    0.202548  2.09645e-23    0.0837928     0.713659  4.56688e-13
    0.391084  2.33367e-20    0.0305632     0.578353  5.91963e-10
    0.113157  2.08963e-26     0.190547     0.696296  2.60771e-16
     0.11916  3.14692e-26     0.175909     0.704931  4.13206e-16
    0.124078  4.16476e-26     0.164761     0.711161  5.66792e-16
   0.0895215  5.20727e-28     0.308475     0.602003  4.10354e-18
    0.234122   1.0431e-22    0.0431567     0.722722  2.53425e-12
    0.131798  4.31501e-26     0.152272      0.71593  5.99052e-16
    0.155922  3.77824e-25     0.101077     0.743001  6.52921e-15
   0.0655503  7.17824e-30     0.544607     0.389842  2.90203e-20
    0.813911  4.69116e-15  0.000797466     0.185243  4.81764e-05
   0.0529364  9.52554e-31     0.673889     0.273175  2.70764e-21
    0.297849  2.72469e-21    0.0140709      0.68808  7.33986e-11
    0.192809  3.74407e-24    0.0513132     0.755878  7.98032e-14
    0.275555  1.00545e-21    0.0143265     0.710118  2.71253e-11
    0.237894  1.01402e-22    0.0218249     0.740281  2.59851e-12
    0.400175  2.17744e-19   0.00354755     0.596278  5.53561e-09
    0.221289  2.14903e-23    0.0273113       0.7514  5.20864e-13
    0.627865  2.01341e-16  0.000514326     0.371617   3.0635e-06
    0.175714  4.04699e-26     0.121864     0.702422  5.90747e-16
    0.195764    3.597e-25    0.0675541     0.736682  6.60708e-15
    0.450912  2.49357e-18   0.00102378     0.548065  5.64058e-08
    0.185685  1.66081e-26     0.148049     0.666266  2.20888e-16
    0.202272  8.40397e-26    0.0938036     0.703924  1.35297e-15
    0.358764  1.10407e-19   0.00158427     0.639652  2.96513e-09
    0.263599  2.22106e-22    0.0083326     0.728068  6.18634e-12
    0.235364  2.19255e-24    0.0322558     0.732381  4.84103e-14
    0.277963  6.07445e-22   0.00524789     0.716789  1.74904e-11
    0.589828  6.16419e-16   7.4438e-05     0.410089   8.0856e-06
    0.282284  5.97497e-22   0.00447497     0.713241  1.73937e-11
    0.343495   7.4459e-20  0.000877636     0.655627  2.07802e-09
    0.290187  8.32907e-22   0.00340277     0.706411  2.46354e-11
    0.390939  1.12847e-18  0.000289022     0.608772  2.76408e-08
    0.506216  1.31027e-16  5.36257e-05     0.493729  2.07699e-06
    0.478535  5.94679e-17  5.93644e-05     0.521405  1.03171e-06
    0.350758  1.31863e-19  0.000405416     0.648836  3.67243e-09
    0.512999  2.97253e-16  2.49242e-05     0.486972  4.24956e-06
    0.480208  1.08893e-16  2.99997e-05      0.51976  1.76332e-06
    0.367718   4.5381e-19  0.000181509       0.6321  1.19963e-08
    0.421155  1.14803e-17  4.90693e-05     0.578796  2.37077e-07
    0.322496  2.20125e-22   0.00283021     0.674673  6.67604e-12
    0.359932  4.48824e-25    0.0368349     0.603233  9.26406e-15
    0.435976  3.64225e-17  2.03381e-05     0.564003  6.70558e-07
    0.344734  8.90775e-23   0.00342845     0.651837  2.66893e-12
    0.356288  4.63453e-23   0.00432109     0.639391  1.35896e-12
    0.354136  3.08152e-22   0.00174634     0.644117  9.69342e-12
    0.413499  1.63902e-17  1.52139e-05     0.586485  3.30688e-07
    0.368632  2.12914e-19  8.23975e-05     0.631286  6.09179e-09
    0.389924  6.52382e-23   0.00296858     0.607107  1.98475e-12
    0.372916  2.41834e-21  0.000505677     0.626579  7.94973e-11
    0.386762  1.49055e-18  2.42579e-05     0.613214  3.78931e-08
    0.411859  2.08046e-17  6.54176e-06     0.588134  4.13079e-07
     0.51377  8.78071e-15  3.87689e-07     0.486158  7.18197e-05
    0.422222  5.67448e-17  3.07694e-06     0.577774  1.00507e-06
    0.593269  7.50589e-10  7.95671e-10      0.11861     0.288121
    0.481491  2.81152e-23   0.00314361     0.515366  8.53462e-13
    0.400494  2.46823e-18  8.76796e-06     0.599497  6.14842e-08
    0.402025  1.52024e-18  9.79218e-06     0.597965  3.96282e-08
    0.452613  1.29405e-21  0.000344996     0.547042  4.47346e-11
    0.511604  8.68329e-23   0.00139298     0.487003  2.84011e-12
    0.442122   1.2333e-20   8.7045e-05     0.557791  4.22489e-10
    0.424326  8.74615e-17  7.17912e-07     0.575671  1.48324e-06
    0.462498   4.6032e-15   8.0786e-08     0.537461  4.14083e-05
    0.422258  3.24144e-17  8.88856e-07      0.57774  6.28086e-07
     0.42357   1.3987e-17  1.20834e-06     0.576428  3.00542e-07
    0.433487  1.69206e-18  3.39283e-06     0.566509  4.52188e-08
    0.432664  5.11525e-18  1.60381e-06     0.567334  1.23517e-07
    0.501562   1.7578e-20  3.80044e-05       0.4984  6.21026e-10
    0.433279  5.90571e-17  3.03272e-07     0.566719  1.07266e-06
    0.465476  6.56804e-19   3.6295e-06      0.53452   1.9353e-08
    0.464601  1.29176e-18  2.15525e-06     0.535397  3.61877e-08
    0.464538  3.81174e-14  4.62319e-09     0.535243  0.000218741
    0.577061  6.94856e-21  4.29241e-05     0.422896  2.58285e-10
    0.449296  8.90644e-15  7.23134e-09     0.550634  6.93326e-05
    0.476039  2.42984e-13  8.61856e-10     0.523069  0.000892343
    0.451789  1.99747e-14  3.06169e-09      0.54808  0.000130758
    0.512564  1.06698e-18  1.19124e-06     0.487435  3.13344e-08
    0.356554  3.38726e-09  5.64016e-13     0.173358     0.470087
    0.623265  2.01581e-20  1.27094e-05     0.376722  7.56825e-10
    0.478494  1.62957e-12  9.18765e-11     0.517991   0.00351527
    0.448323  1.38339e-14  1.47226e-09     0.551579  9.74153e-05
    0.558197  1.06238e-18  6.65078e-07     0.441802  3.20637e-08
    0.894347  3.47178e-24   0.00222068     0.103432  1.06864e-13
    0.746389  2.47848e-21  3.19231e-05     0.253579  9.94868e-11
    0.508713  4.60221e-17  3.41617e-08     0.491287  9.14807e-07
    0.478643  1.24136e-10  1.26963e-12     0.457615    0.0637415
    0.457504  7.51306e-15  7.23774e-10     0.542436  6.03322e-05
    0.525941  5.74541e-17  1.90261e-08     0.474058  1.12027e-06
    0.827823   1.0691e-21  3.52808e-05     0.172141  4.41766e-11
     0.61159  3.19654e-18  1.16748e-07      0.38841  9.06425e-08
    0.515327  2.99681e-16  3.67704e-09     0.484668  4.54236e-06
     0.36196  2.13506e-09  2.27657e-14     0.329784     0.308256
    0.254846  7.51561e-09  3.68473e-15     0.209382     0.535773
    0.695215  8.12549e-19  1.94903e-07     0.304785  2.68617e-08
     0.55396  1.88547e-16  2.82176e-09     0.446037  3.14174e-06
    0.476936  1.50561e-14  8.37937e-11      0.52296  0.000104163
    0.730238  7.85742e-19  1.38769e-07     0.269762   2.6503e-08
    0.464533  6.26348e-14  1.91211e-11     0.535161  0.000305424
    0.610099  8.41338e-17  2.91464e-09     0.389899   1.6278e-06
    0.482069   2.9712e-14  2.33931e-11     0.517755  0.000175146
    0.456611  2.14711e-13  3.97587e-12     0.542638  0.000750566
    0.516595  8.20638e-15  4.57149e-11     0.483339   6.6076e-05
    0.755272   2.9617e-18  2.33446e-08     0.244728  9.09822e-08
    0.661111  7.96787e-17  1.46301e-09     0.338887  1.59313e-06
    0.392055  1.60545e-10  7.11183e-15     0.548179    0.0597662
  0.00256335  2.72575e-05  1.83312e-23  0.000726889     0.996683
   0.0459429  1.80111e-07  2.41631e-19    0.0435596     0.910497
    0.456949  6.76458e-13  3.56768e-13     0.541376   0.00167478
    0.656514   4.2964e-16  1.67788e-10     0.343479   6.5786e-06
    0.589542  4.55968e-15  1.86003e-11     0.410415  4.30215e-05
     0.48333   3.0137e-13  3.86501e-13     0.515719  0.000950659
   0.0306854  4.04996e-07  1.20377e-20    0.0329254     0.936389
    0.535599  5.93067e-14  1.11438e-12     0.464104  0.000297823
  0.00546311   1.0253e-05  1.21388e-23   0.00367589     0.990851
     0.01392  1.75766e-06  2.70203e-22    0.0139277     0.972151
    0.635898  5.59151e-15  5.49684e-12     0.364051  5.14607e-05
   0.0021535  0.000169454  4.71062e-26  0.000981169     0.996696
    0.177619  1.80731e-08  8.98507e-19     0.304349     0.518031
    0.413755  2.21941e-11   1.2465e-15     0.570191    0.0160542
    0.456537  4.14122e-12  5.00586e-15     0.537921   0.00554239
  0.00611749  1.47718e-05  9.53659e-25   0.00619546     0.987672
    0.101776  7.11046e-08  2.71235e-20     0.188221     0.710003
    0.477947  3.03629e-12  3.49495e-15     0.517533   0.00451924
    0.937368  1.71503e-18  1.83299e-09    0.0626324   6.2444e-08
    0.351527  3.09822e-10   1.8881e-17     0.576458    0.0720148
    0.290942  1.73813e-09  2.04692e-18     0.535103     0.173955
    0.116078  5.75632e-08  9.44884e-21     0.245078     0.638844
     0.92186  1.51246e-17  1.50737e-10    0.0781398  4.34596e-07
  0.00572128   3.9425e-05  1.82749e-26   0.00835146     0.985888
  0.00790002  1.82155e-05  5.45058e-26    0.0135215      0.97856
   0.0447835  4.64222e-07  5.31103e-23     0.104282     0.850934
    0.432996  3.95368e-11  3.04382e-17     0.545295    0.0217087
  0.00146984    0.0982785  5.05533e-32  0.000691445      0.89956
    0.549792  2.79703e-12  3.50626e-16     0.445903   0.00430587
   0.0993743  9.51288e-08  3.63556e-22     0.252004     0.648622
    0.459077  3.26451e-11  1.46244e-17     0.521645    0.0192785
    0.427454  7.77908e-11  4.23841e-18      0.54097    0.0315762
    0.742294  8.37108e-14  6.57468e-15     0.257297  0.000409748
    0.116223  6.84194e-08  2.01234e-22     0.309305     0.574472
   0.0105126  2.19852e-05  2.24622e-27    0.0300352      0.95943
    0.311397  1.34324e-09  4.49729e-20     0.554123      0.13448
    0.369734  4.28261e-10  1.52401e-19     0.553307     0.076959
    0.112597  7.99673e-08  4.59368e-23     0.319363      0.56804
   0.0219393  4.29578e-06  1.51483e-26    0.0773559     0.900701
    0.597814  7.13493e-12  1.10514e-17     0.394343    0.0078436
    0.310596  1.70501e-09  8.41245e-21     0.544097     0.145306
    0.118642   7.4754e-08  1.55978e-23     0.347225     0.534133
   0.0068181  0.000279004   2.5768e-30    0.0252717     0.967631
   0.0666181  3.60239e-07  4.39571e-25     0.234759     0.698622
    0.323999  1.66951e-09  2.96242e-21     0.534906     0.141096
   0.0192683  1.00514e-05  3.69983e-28     0.086861     0.893861
   0.0434937  1.18332e-06  1.71607e-26     0.179085     0.777421
   0.0345255  2.26968e-06  3.52603e-27      0.15267     0.812802
    0.544764  7.18957e-11  8.06745e-20     0.425249     0.029987
    0.036051  2.24239e-06  1.95467e-27     0.166036     0.797911
    0.261436  6.33011e-09  7.56161e-23     0.504707     0.233858
    0.175032  2.88599e-08  4.34424e-24      0.44633     0.378638
    0.409823  8.15119e-10  1.04885e-21     0.489652     0.100526
    0.811783  1.57278e-12  2.97039e-18      0.18508   0.00313774
   0.0200849  1.82546e-05  7.52338e-30      0.12172     0.858177
   0.0909151  2.30522e-07  2.66633e-26     0.332361     0.576724
    0.107011   1.5057e-07  4.50123e-26     0.362286     0.530703
    0.151164  5.65602e-08  2.17317e-25     0.419199     0.429637
     0.05705  9.47445e-07  6.45861e-28     0.266583     0.676366
    0.110017  1.54584e-07  1.72065e-26     0.370327     0.519656
    0.783416   1.0425e-11  5.85332e-20     0.206363    0.0102211
    0.042244   2.6326e-06  3.31486e-29     0.236926     0.720828
   0.0513396   1.5384e-06  6.98865e-29     0.266262     0.682397
   0.0169323  8.73802e-05  2.41249e-32     0.147085     0.835895
    0.867878  3.50649e-12  8.81366e-20     0.126831    0.0052901
     0.27446  1.20261e-08  3.98853e-25     0.451117     0.274423
     0.24643  1.83647e-08  1.37416e-25     0.444203     0.309366
   0.0174425  0.000120698  3.57484e-33     0.173408     0.809029
    0.179824  5.43614e-08  9.44755e-27     0.419346      0.40083
    0.992153  3.48457e-15  8.67049e-17   0.00780326  4.36103e-05
   0.0640791  1.16298e-06  9.72508e-30     0.317435     0.618484
   0.0364188  7.62339e-06  1.60866e-31     0.264788     0.698786
     0.96278  3.87851e-13  1.85642e-19    0.0359405   0.00127976
   0.0491217  3.10986e-06  5.00498e-31     0.300553     0.650323
   0.0142292   0.00142277  4.68363e-36     0.215116     0.769232
   0.0163601  0.000527364  1.71483e-35     0.232349     0.750764
    0.573141  1.32374e-09  1.06397e-24     0.301312     0.125547
    0.194123  7.10693e-08  4.11878e-28     0.392598     0.413279
    0.421327    6.393e-09  3.91332e-26     0.353034     0.225638
    0.210234  6.37655e-08  2.93149e-28      0.38548     0.404286
    0.907953   1.8286e-11  1.97972e-22    0.0777102    0.0143371
    0.425472  7.76893e-09   1.2129e-26     0.333562     0.240966
    0.531085    3.348e-09  4.40736e-26     0.287439     0.181477
   0.0498643    5.409e-06  6.13355e-33     0.335873     0.614257
    0.581646  2.55034e-09  4.17857e-26     0.254113      0.16424
    0.778444  3.71484e-10  7.42146e-25     0.150339    0.0712165
    0.532763  4.59562e-09  8.44167e-27     0.263316     0.203921
    0.063761  3.11129e-06  5.40068e-33     0.351434     0.584802
    0.036486  2.47908e-05  4.98158e-35     0.355772     0.607718
    0.729236  9.75788e-10  5.44375e-26     0.160057     0.110707
    0.998504  1.15654e-14  1.88292e-19   0.00138272  0.000113133
    0.904038   8.4952e-11  1.26367e-24    0.0625848    0.0333771
   0.0473436   1.2164e-05  5.61183e-35     0.369503     0.583141
    0.655011  2.82082e-09  2.96383e-27     0.174097     0.170892
    0.259577  9.22052e-08  1.86439e-30     0.305392     0.435031
    0.271258  8.70456e-08  1.59872e-30     0.296743     0.431998
    0.975653   7.9244e-12  8.65285e-24    0.0156916   0.00865508
    0.192063  2.58611e-07  7.29675e-32     0.311686     0.496251
   0.0315931  0.000104458  7.68632e-38     0.439175     0.529127
    0.667452  3.96275e-09  2.93716e-28     0.139439     0.193109
    0.154604  5.75196e-07  4.59008e-33     0.315241     0.530154
    0.313738  8.55315e-08  2.99942e-31       0.2505     0.435762
    0.686365  4.11213e-09  1.15082e-28     0.118785     0.194851
    0.426131  3.69088e-08  1.09593e-30     0.200835     0.373034
     0.60051   9.8112e-09  1.25109e-29     0.137889     0.261602
    0.289731  1.41677e-07  2.93874e-32     0.238182     0.472087
    0.990549  3.61692e-12  1.70453e-24   0.00407386   0.00537665
   0.0684573  1.12004e-05  4.74008e-37     0.387401     0.544131
    0.255985  2.49382e-07  3.20861e-33     0.237458     0.506556
  0.00778348     0.180167  8.50582e-47     0.723002    0.0890474
    0.951003  9.96089e-11  4.55555e-27    0.0141032    0.0348936
    0.949293  1.12433e-10  2.83292e-27    0.0136343    0.0370731
   0.0334533  0.000248936  6.76672e-41     0.554872     0.411426
    0.342564  1.45568e-07  2.60175e-33     0.177751     0.479685
    0.228892  5.30681e-07  8.71327e-35     0.225245     0.545862
   0.0694151   2.2044e-05  7.04096e-39     0.409598     0.520965
    0.166936  1.56848e-06  3.32426e-36     0.261565     0.571497
    0.209766  8.62216e-07  1.07431e-35     0.225973      0.56426
    0.263576  4.65501e-07   3.5871e-35     0.190384      0.54604
    0.971691  5.14381e-11   8.9716e-28   0.00416336    0.0241457
    0.337307  2.43133e-07  9.28217e-35     0.148111     0.514582
    0.488221  6.64855e-08  1.33575e-33    0.0942329     0.417547
    0.779961  4.57574e-09  2.14105e-31    0.0300403     0.189998
     0.74302  7.22327e-09  6.65868e-32    0.0340401      0.22294
     0.85387  1.78423e-09  6.15771e-31    0.0161453     0.129985
    0.107023  1.43174e-05  8.30653e-40     0.340093      0.55287
    0.733327  9.00257e-09   1.6786e-32    0.0295077     0.237165
    0.412031   1.8461e-07  1.98109e-35    0.0938177     0.494151
    0.694003  1.46025e-08  3.41985e-33    0.0313102     0.274687
   0.0835489  4.92157e-05  1.00313e-41     0.422222      0.49418
    0.995756  2.22917e-12  4.84437e-27  0.000180687   0.00406314
    0.955497  1.61036e-10  4.06642e-30   0.00216692    0.0423357
    0.352116  4.62693e-07  4.57163e-37    0.0976842       0.5502
    0.782005  6.43769e-09  3.31603e-33    0.0136522     0.204343
     0.84125   2.8695e-09  1.08655e-32   0.00808803     0.150662
    0.232427  2.74264e-06  2.26084e-39     0.157896     0.609675
    0.958877  1.46406e-10  1.03466e-30   0.00116029    0.0399625
     0.99461  3.44344e-12  3.47404e-28  9.32843e-05   0.00529632
    0.998374  4.75694e-13  6.11171e-27  2.12415e-05   0.00160452
    0.991825  7.13212e-12  6.09937e-29  0.000115173   0.00805954
    0.906819  8.90654e-10  1.31021e-32   0.00221109    0.0909702
    0.534333  1.17908e-07  5.51898e-37     0.029438     0.436228
    0.780617  8.24048e-09   1.0626e-34   0.00661525     0.212768
    0.903494   1.0052e-09  4.03246e-33   0.00170342    0.0948026
    0.242412  5.44251e-06  2.21473e-41     0.134038     0.623545
     0.76538  1.07737e-08  2.28995e-35   0.00571701     0.228903
    0.996897  1.34393e-12  1.29117e-28   1.3271e-05   0.00308927
    0.939349  3.65176e-10  6.95307e-33  0.000557163     0.060094
    0.248561  7.36029e-06  2.77738e-42     0.124256     0.627176
    0.193088  2.56934e-05  8.74493e-44      0.20359     0.603297
    0.894198  1.35905e-09   2.4001e-34  0.000919761     0.104882
    0.999816  1.61712e-14  4.79205e-26  2.05913e-07  0.000183621
    0.969978  8.49207e-11  1.94395e-32  0.000107948     0.029914
    0.996647  1.49391e-12  1.53891e-29   4.8401e-06   0.00334801
    0.347055  2.44964e-06  5.19094e-42    0.0505515     0.602391
     0.51572  2.70684e-07  6.67115e-40     0.014069     0.470211
   0.0867627  0.000857661  4.54756e-49      0.61667     0.295709
    0.799667  8.40367e-09  6.56399e-37   0.00134979     0.198983
    0.674393  4.58271e-08  1.27595e-38   0.00362007     0.321987
    0.840404  4.44165e-09  1.21638e-36  0.000695032     0.158901
    0.263628  2.26315e-05  2.90633e-45     0.110116     0.626234
    0.957997  1.75032e-10  3.18012e-34  5.25287e-05    0.0419505
    0.334904  6.35779e-06   3.1163e-44    0.0481409     0.616949
    0.273918  2.70708e-05   6.5554e-46     0.101383     0.624672
    0.988044  1.39168e-11  1.29435e-32  4.76219e-06    0.0119514
    0.925924  6.42506e-10  7.50467e-36  7.97151e-05    0.0739964
    0.432222  1.58014e-06  2.05785e-43    0.0152757     0.552501
    0.980254   3.6621e-11  8.92066e-34  6.41893e-06      0.01974
    0.709612  3.72123e-08  6.02517e-40   0.00104729      0.28934
    0.998525   3.4649e-13  2.34016e-30  9.55477e-08   0.00147484
    0.960096  1.58564e-10   2.2216e-35  1.30672e-05    0.0398912
    0.355637  1.12827e-05  3.01662e-46     0.034578     0.609774
    0.459352  1.51823e-06  2.52105e-44   0.00863207     0.532015
    0.982551  2.82131e-11  2.32194e-34  1.98241e-06     0.017447
    0.626841  1.34924e-07  3.74231e-42   0.00131318     0.371846
     0.97772  4.59639e-11  4.96428e-35   2.1517e-06    0.0222775
    0.675341  7.25563e-08  7.65114e-42  0.000660977     0.323998
    0.983419  2.51481e-11  8.51713e-35  9.22779e-07    0.0165801
    0.926619  6.60121e-10  9.99593e-38  1.24447e-05    0.0733689
     0.97936  3.88484e-11  1.99258e-35  9.58141e-07     0.020639
    0.996776  1.18944e-12  1.14242e-32  3.61452e-08   0.00322421
    0.744766    2.915e-08   1.0284e-41  0.000175553     0.255059
    0.999722  2.25833e-14  1.06306e-29  5.96677e-10  0.000277753
    0.997726   6.3758e-13  1.59054e-32  1.13873e-08   0.00227405
    0.745101  3.06379e-08  3.13411e-42   0.00012288     0.254776
    0.991571  6.51017e-12  1.03735e-34  6.68298e-08   0.00842901
    0.965271    1.151e-10  2.57099e-37  7.62004e-07    0.0347282
    0.773523  2.02841e-08  2.76121e-42  5.81186e-05     0.226419
    0.526024  1.25964e-06   9.9274e-47   0.00144117     0.472534
    0.974931   5.6155e-11  4.25601e-37  2.35305e-07    0.0250688
    0.809324  1.12581e-08  3.65036e-42  2.29601e-05     0.190653
    0.979751  3.54956e-11   5.7728e-37  1.07041e-07    0.0202492
    0.766296  2.47506e-08  2.89457e-43  3.39605e-05      0.23367
    0.969872  8.22029e-11  5.51391e-38  1.64128e-07    0.0301277
    0.833116  7.41289e-09  2.30325e-42  8.73543e-06     0.166875
    0.568763  8.09347e-07   2.0497e-47  0.000442093     0.430794
    0.951611  2.40508e-10  2.20538e-39  2.65333e-07     0.048389
     0.99886  1.75994e-13  4.02165e-33   1.7269e-10   0.00113997
    0.715878  6.50884e-08  3.23906e-45   3.3625e-05     0.284088
    0.908878  1.21158e-09  2.40822e-41  7.32134e-07    0.0911213
    0.426553   0.00133352  4.41995e-56     0.106983     0.465131
    0.690473  1.08464e-07  3.05281e-46  3.46404e-05     0.309492
    0.761007  3.16648e-08  4.27286e-45  9.67325e-06     0.238983
    0.763236  3.08641e-08  3.15424e-45  8.10756e-06     0.236756
    0.614995   4.9391e-07  2.24605e-48  8.98996e-05     0.384914
    0.941795  3.68633e-10  4.49485e-41  7.93131e-08    0.0582052
    0.994913  2.12598e-12  2.03366e-36   3.2147e-10   0.00508744
    0.932633  5.33537e-10  1.00958e-41  7.95889e-08    0.0673671
    0.689352  1.32514e-07  1.34243e-47  1.50332e-05     0.310633
    0.983246  2.11176e-11  6.39125e-39  1.92221e-09     0.016754
    0.997981  3.95063e-13  2.16111e-35  2.13607e-11   0.00201939
    0.914698  1.00245e-09  6.18902e-43  7.24273e-08    0.0853015
    0.958267  1.57352e-10  2.98904e-41  8.70722e-09    0.0417328
    0.999062   1.0583e-13  1.47946e-34  2.41693e-12  0.000937693
    0.831772   8.7839e-09  1.24196e-45  3.92585e-07     0.168227
    0.600502   1.2364e-06  3.04338e-51  4.64347e-05     0.399451
    0.808661  1.46273e-08   1.7135e-46  4.69233e-07     0.191339
     0.99161  4.84974e-12  1.35818e-38  6.92084e-11   0.00839044
    0.975771  4.29588e-11  7.98102e-41  6.27479e-10     0.024229
    0.993539   2.8686e-12  2.36212e-38  2.42775e-11    0.0064608
    0.711104  1.14611e-07  2.06338e-49  2.01245e-06     0.288894
    0.949805  2.33099e-10  6.30803e-43  2.17614e-09    0.0501954
    0.615745  1.24869e-06  1.86811e-52  1.70637e-05     0.384237
    0.851985  5.66138e-09  1.45101e-46  4.89287e-08     0.148015
    0.901632  1.46645e-09  2.85074e-45  9.15176e-09    0.0983681
    0.959412  1.33121e-10  6.25797e-43  5.02177e-10     0.040588
    0.996483  8.51385e-13  4.49065e-38  1.10966e-12   0.00351654
    0.962474  1.08006e-10  5.32191e-43  2.56899e-10    0.0375259
    0.576359   3.1122e-05  3.86716e-57  0.000193269     0.423416
    0.846366  6.51709e-09  1.17554e-47  1.83913e-08     0.153634
    0.827734  1.02006e-08  2.59077e-48  2.52024e-08     0.172266
    0.977333  3.22106e-11  2.52785e-42  2.54362e-11    0.0226666
    0.641884  1.00736e-06   6.1577e-54  2.91567e-06     0.358112
     0.99961  1.98008e-14  2.79341e-35  1.72555e-15  0.000389575
    0.980115  2.32326e-11  2.12204e-42   8.5428e-12    0.0198846
    0.717925  1.34289e-07  4.31065e-52  1.86772e-07     0.282075
    0.821888  1.18041e-08  1.96732e-49  9.37515e-09     0.178112
    0.996424  7.47258e-13  2.60132e-39  5.74875e-14    0.0035761
    0.981451  1.89108e-11  9.90556e-43  2.55301e-12    0.0185491
    0.877272  2.80272e-09  2.86447e-48  9.25253e-10     0.122728
    0.621852  5.93184e-06  2.02309e-57   5.8306e-06     0.378136
    0.928652  5.01375e-10  1.23568e-46  7.35124e-11    0.0713478
    0.817374  1.31613e-08  1.75976e-50  3.24113e-09     0.182626
    0.999849  4.04669e-15   9.0726e-35  1.17146e-17  0.000150537
    0.666463  8.12723e-07  1.06786e-55  3.07155e-07     0.333536
    0.974413  3.50414e-11  3.03596e-44  1.00694e-12    0.0255867
    0.959953  1.00872e-10  1.64958e-45  3.06517e-12    0.0400467
    0.840407  7.24849e-09  1.73612e-50  5.53132e-10     0.159593
     0.70438  2.57163e-07  6.32395e-55   3.7557e-08      0.29562
    0.950814  1.63587e-10  2.04885e-46  2.78011e-12    0.0491861
