  1.2244e-26  1.52623e-07            1  2.42315e-08  6.70114e-45
  7.4507e-14  3.18617e-12     0.999997  3.32558e-06  4.23634e-26
  4.3675e-25  5.14213e-08            1  3.55479e-08  1.67814e-42
 2.68378e-26  1.45376e-07            1  2.75928e-08  3.17437e-44
 1.15708e-23  1.77688e-08            1  5.15983e-08  2.71966e-40
 2.83329e-19  3.95957e-10            1  2.11813e-07  8.74767e-34
 2.06463e-25  8.73238e-08            1  3.49253e-08  9.50886e-43
 3.88321e-18  1.37961e-10            1  3.11685e-07  5.41631e-32
 1.81224e-21  3.05207e-09            1   9.4345e-08  7.91198e-37
 4.05634e-27  4.77674e-07     0.999999  2.85988e-08  4.27205e-45
 3.67836e-17  5.19615e-11            1  4.17882e-07  2.24766e-30
 1.36374e-18  2.11534e-10            1  2.31657e-07  2.03378e-32
 3.79879e-17  4.98275e-11            1  3.90602e-07  3.11753e-30
  3.5692e-27  7.51897e-07     0.999999  3.34174e-08  5.82493e-45
 1.18473e-18   2.2908e-10            1  2.10011e-07  2.49081e-32
 8.17785e-23  1.50133e-08            1  6.68169e-08  2.07266e-38
 6.98226e-18  1.04389e-10            1  2.60697e-07  4.45646e-31
  7.6885e-18  1.00177e-10            1  2.57486e-07  5.87778e-31
 1.67955e-25  2.62968e-07            1  4.78123e-08      3.2e-42
 1.88704e-17  6.60684e-11            1  2.79101e-07  2.88923e-30
 1.43036e-19  6.76266e-10            1  1.42897e-07  2.43631e-33
 1.32277e-18   2.4114e-10            1  1.84695e-07  7.42622e-32
 2.20173e-16  1.97287e-11            1  3.71497e-07  1.62012e-28
 1.84855e-17  6.81349e-11            1  2.51121e-07  4.75283e-30
 2.56002e-21  5.50559e-09            1  9.63598e-08  1.04826e-35
  1.4311e-22  2.35947e-08            1  8.09654e-08  1.64395e-37
 3.87587e-14  1.23746e-12     0.999999   7.5576e-07  5.74047e-25
 1.69769e-11   4.1007e-14     0.999998  2.38806e-06  5.24706e-21
 1.87302e-14  1.73239e-12     0.999999  6.11743e-07  2.55436e-25
 9.84483e-18  1.03628e-10            1  2.06257e-07  4.03064e-30
 3.24041e-16  1.57817e-11            1  3.10371e-07  8.13326e-28
  1.5573e-19  1.02325e-09            1  1.37267e-07  1.09365e-32
 3.55713e-17  5.48846e-11            1  2.26862e-07  3.94327e-29
 4.00768e-23  9.42462e-08            1  9.90237e-08  6.27877e-38
 6.62023e-16  1.07023e-11            1  3.07009e-07  3.88872e-27
  3.1615e-16  1.65774e-11            1  2.74392e-07  1.46825e-27
 1.15862e-14  1.96351e-12            1  4.22449e-07  3.51083e-25
 1.67862e-17  9.67664e-11            1  1.97574e-07  2.37416e-29
 3.69132e-17  6.27496e-11            1  2.09766e-07  8.65281e-29
 1.39072e-17  1.16638e-10            1  1.91829e-07   2.2744e-29
 1.16456e-18  5.42025e-10            1  1.62716e-07  6.31799e-31
 3.85465e-19  1.12226e-09            1  1.55576e-07   1.3583e-31
 1.64955e-19  2.01573e-09            1  1.53001e-07  4.27376e-32
 1.39881e-23  5.85353e-07     0.999999  1.69291e-07  3.80207e-38
 4.65851e-21  2.10777e-08            1   1.5408e-07  2.55105e-34
 1.07029e-15  9.16547e-12            1  2.57762e-07  3.00701e-26
 9.52883e-17   4.6877e-11            1  2.11974e-07   8.8401e-28
 5.04252e-13  1.55433e-13            1  4.71103e-07  3.10241e-22
  1.9451e-21  6.69314e-08            1  1.87573e-07  7.27074e-35
 1.48831e-19  4.96729e-09            1  1.80383e-07  4.60618e-32
 1.88812e-16  4.78768e-11            1  2.38376e-07   1.9731e-27
  1.1125e-16  7.85015e-11            1  2.59433e-07  8.41912e-28
 5.20906e-15  5.90397e-12            1    3.517e-07  2.82083e-25
 1.43237e-12  1.06458e-13     0.999999  6.27458e-07  1.36069e-21
  5.9782e-13  2.20329e-13     0.999999  6.13309e-07  3.89075e-22
   7.331e-14  1.16245e-12     0.999999  5.52915e-07   1.7616e-23
 3.57144e-11  1.08936e-14     0.999999   1.1053e-06  2.02565e-19
 1.25258e-12  1.59703e-13     0.999999  8.19277e-07   1.4001e-21
 1.85923e-10  3.22462e-15     0.999998  1.52533e-06   2.7179e-18
 2.26842e-13  7.34799e-13     0.999999  8.43527e-07  1.19132e-22
 3.50554e-14  3.58692e-12     0.999999  8.40207e-07   7.5073e-24
 4.17268e-10  1.90101e-15     0.999998  1.98071e-06  1.09305e-17
 4.99495e-17  8.19463e-10     0.999999  1.05131e-06  4.10483e-28
 5.52557e-20  1.83829e-07     0.999998  2.01293e-06   1.4049e-32
 1.14655e-14  1.52796e-11     0.999999  1.26151e-06  1.66611e-24
 5.79467e-20  2.93805e-07     0.999997   2.9906e-06    1.598e-32
 5.72411e-18  1.02857e-08     0.999998  2.26047e-06  1.76899e-29
 1.25679e-13  3.22636e-12     0.999998  1.80678e-06  7.11442e-23
 3.24196e-12  2.19766e-13     0.999998  2.16878e-06  1.02409e-20
  1.2452e-14  3.22269e-11     0.999998  2.33347e-06  2.30791e-24
 1.34084e-14  3.60715e-11     0.999997  2.65492e-06  2.67943e-24
 9.11674e-13  1.00857e-12     0.999997  2.83729e-06   1.6989e-21
 2.56537e-15  2.25062e-10     0.999996  3.81177e-06  2.31356e-25
 1.91268e-14  4.58526e-11     0.999996  3.93232e-06  5.10631e-24
 5.97412e-14  1.96667e-11     0.999996  4.27571e-06  2.99691e-23
 2.14494e-13   7.2311e-12     0.999995   4.6313e-06  2.17801e-22
 7.03225e-12  3.11163e-13     0.999995  4.86165e-06  4.62899e-20
 1.28284e-11  2.01075e-13     0.999995  5.39555e-06  1.20227e-19
 8.07216e-12  3.68207e-13     0.999994  6.03465e-06  6.14604e-20
 4.95584e-11  7.01212e-14     0.999993  6.61985e-06  1.01964e-18
  1.5368e-10  2.54869e-14     0.999993  7.33593e-06  5.96712e-18
 1.82068e-07   1.6313e-17     0.999989  1.11857e-05  3.08055e-13
 7.32854e-09  5.59809e-16      0.99999  9.59332e-06  2.37683e-15
 7.71387e-14  1.00134e-10     0.999984  1.58424e-05  5.70786e-23
 9.77486e-13  9.29951e-12     0.999986  1.43925e-05  2.90093e-21
 6.09698e-12  1.67194e-12     0.999986  1.43291e-05  4.97003e-20
 3.29777e-14  5.00302e-10      0.99997  2.95633e-05  1.63703e-23
 2.39976e-11  5.63341e-13     0.999983  1.69361e-05  4.31769e-19
 1.43692e-12  1.49208e-11     0.999975  2.52541e-05  5.75461e-21
 3.17165e-10  4.56307e-14     0.999981  1.85653e-05  2.43531e-17
 4.36877e-08  1.73689e-16     0.999981  1.87771e-05  4.97383e-14
 6.61464e-13  7.29261e-11     0.999954   4.5921e-05  1.82953e-21
 2.58314e-11  1.44814e-12     0.999967  3.33216e-05   5.4328e-19
 3.71483e-08  3.03631e-16     0.999976  2.41513e-05  4.27436e-14
 3.55569e-09  6.19158e-15     0.999971  2.87017e-05  1.16647e-15
 5.50522e-10  7.21814e-14     0.999963  3.69455e-05  6.62758e-17
 5.12969e-13  3.91021e-10     0.999878  0.000121847    1.305e-21
 7.64067e-12  2.07273e-11     0.999912  8.79727e-05  8.85604e-20
 1.49701e-10  6.89449e-13     0.999935  6.50241e-05  9.24531e-18
 1.20632e-06  7.21355e-18      0.99996  3.87965e-05  1.12836e-11
 1.52133e-11  2.02635e-11     0.999868  0.000132348  2.66904e-19
 2.13085e-07  9.67578e-17     0.999952  4.77839e-05  8.03585e-13
 2.54055e-10   9.3757e-13     0.999888   0.00011167  2.22252e-17
 2.81309e-08  2.14542e-15     0.999932  6.82908e-05  3.55754e-14
 0.000167241   1.0583e-20     0.999773  5.97952e-05  2.85327e-08
 6.10636e-10  6.34899e-13     0.999844  0.000155535  9.03542e-17
 2.64177e-10  2.62919e-12     0.999782   0.00021777  2.43616e-17
 3.35864e-12  1.35601e-09     0.999185  0.000814711  2.50614e-20
 3.18402e-07    1.742e-16     0.999905  9.49602e-05  1.74375e-12
 1.55751e-08  1.81576e-14     0.999838  0.000162268  1.52733e-14
 1.91027e-09  5.04829e-13     0.999714  0.000286187  5.59753e-16
 2.31127e-11  4.03351e-10     0.998856   0.00114374  5.14526e-19
 6.43333e-10  4.57063e-12     0.999462  0.000538328   9.9955e-17
 4.43886e-05  1.79011e-19     0.999851  0.000104406  4.58237e-09
 1.83629e-07  1.42029e-15     0.999785   0.00021467  7.86842e-13
 5.31758e-09  4.80604e-13     0.999455  0.000545192  2.84006e-15
 0.000104235  6.26075e-20      0.99977  0.000125778  1.88172e-08
 1.82174e-07  3.03323e-15      0.99967   0.00032996  7.89103e-13
 2.08134e-13  7.32368e-06      0.94446    0.0555332   2.4909e-22
 1.59942e-07  6.46594e-15     0.999538  0.000462174  6.42665e-13
 0.000136209  6.67884e-20     0.999694   0.00017011  3.09115e-08
 8.19738e-08  3.62271e-14     0.999231   0.00076891  2.19046e-13
 4.54152e-06   4.2916e-17     0.999652  0.000343069  1.36948e-10
 9.93961e-07  8.37507e-16     0.999445   0.00055364  1.19562e-11
 2.77067e-07  1.10563e-14     0.999079  0.000920687  1.52288e-12
 0.000162556  1.06086e-19     0.999576  0.000261601   4.3691e-08
 3.58119e-08  8.71843e-13     0.997314    0.0026856  5.46014e-14
 3.50266e-05  3.05501e-18      0.99954   0.00042541  3.72221e-09
 4.65873e-06  1.95794e-16     0.999199  0.000796113  1.41984e-10
  0.00265043  7.46726e-22     0.997087   0.00025849  4.12346e-06
 0.000130139  4.40163e-19     0.999408  0.000461821  3.13661e-08
 6.11012e-05  2.92814e-18     0.999318  0.000620908  9.17208e-09
  0.00143708  5.40079e-21     0.998201  0.000360838  1.57033e-06
   0.0019451  3.76629e-21     0.997677  0.000375416  2.58832e-06
 0.000257962  4.26658e-19     0.999107  0.000634808  9.55441e-08
   0.0033856  1.97783e-21       0.9962  0.000407444  6.47935e-06
 0.000273818  7.89891e-19     0.998924  0.000802479  1.04559e-07
 5.85708e-05  3.70662e-17     0.998453   0.00148822  8.18553e-09
 4.28162e-05  1.17257e-16     0.997999   0.00195818  4.81192e-09
 4.28599e-07  5.07932e-12     0.980758    0.0192411   2.3034e-12
 9.40795e-06  9.71351e-15     0.994671   0.00531939  3.75289e-10
 1.73508e-06  7.73801e-13     0.984713    0.0152851  2.19552e-11
 0.000238623  1.32532e-17     0.997778   0.00198288  7.80552e-08
 8.40043e-05   2.6847e-16     0.996308   0.00360752  1.34028e-08
 0.000508286  5.06035e-18     0.997461   0.00203057  2.66923e-07
 0.000554164  6.40955e-18     0.997149    0.0022966  3.03075e-07
  0.00535986  2.58937e-20     0.993488   0.00113864  1.35438e-05
 0.000142541  5.68069e-16     0.993794   0.00606366  2.94067e-08
  0.00481113  7.70286e-20     0.993653   0.00152527  1.10094e-05
  0.00669873  4.61584e-20     0.991749   0.00153276  1.90207e-05
 0.000438749  1.43267e-16     0.993387   0.00617371  1.80998e-07
 0.000317721  6.03307e-16     0.990705   0.00897736  1.01201e-07
 0.000685252  1.22579e-16     0.992109   0.00720504  3.63998e-07
   0.0252483  4.55025e-21     0.973093   0.00148435  0.000174032
   0.0060445  5.79374e-19     0.990636   0.00330505  1.44421e-05
 0.000180116  3.30356e-14     0.968251    0.0315685  3.28547e-08
  0.00122591  2.15585e-16     0.987125     0.011648  8.60827e-07
  0.00140598  2.56181e-16     0.985358    0.0132354  1.05018e-06
   0.0547498  2.66349e-21     0.942723   0.00190737  0.000619888
    0.596377  7.02071e-27     0.313972  0.000193628    0.0894572
 0.000259802   2.9311e-13     0.912433    0.0873069  4.95919e-08
  0.00566104   3.1374e-17     0.981942    0.0123866   1.0206e-05
    0.018909  8.40599e-19      0.97431   0.00669782  8.31994e-05
   0.0381647  1.08377e-19     0.956575   0.00497723  0.000282995
  0.00280916  2.31661e-15     0.956106    0.0410824  2.57935e-06
  0.00299112   3.6709e-15     0.946866    0.0501402  2.74209e-06
    0.322214  2.21236e-23     0.660798    0.0012362    0.0157516
   0.0712897  7.66527e-20      0.92173    0.0062115  0.000768541
    0.173422  2.02137e-21     0.819217    0.0032779   0.00408277
    0.663672  7.51977e-28     0.136888  0.000112227     0.199328
  0.00751821  4.36768e-15     0.909621    0.0828497  1.08969e-05
    0.152087  2.06095e-20     0.838934    0.0061824   0.00279693
 0.000110542  2.51573e-10     0.193603     0.806287  1.39424e-08
    0.134396   1.3487e-19     0.853214    0.0104014   0.00198924
    0.129902  3.10624e-19      0.85502    0.0133131   0.00176444
   0.0254768  1.32487e-15     0.877164     0.097284  7.51061e-05
   0.0266305  2.24564e-15     0.853415     0.119877  7.72109e-05
    0.423146  5.42427e-22     0.552436   0.00356525    0.0208523
    0.151252  2.20772e-18     0.819728    0.0271183   0.00190187
    0.368111  7.60184e-21      0.61157   0.00726522    0.0130534
    0.438092   2.5487e-21     0.536642   0.00571782    0.0195482
    0.345376  5.66716e-20     0.631797    0.0129803   0.00984594
    0.690252  6.22059e-25     0.192365  0.000667035     0.116717
    0.108915  2.09828e-38   0.00061633   1.9038e-07     0.890469
     0.55638  1.50548e-29    0.0335122  3.81975e-05      0.41007
    0.689834  1.21347e-26    0.0913635  0.000230977     0.218571
    0.344595  8.84393e-33   0.00824324  5.29205e-06     0.647156
     0.22544  5.18552e-35   0.00309042  1.41395e-06     0.771468
    0.506593  2.11816e-19     0.452755    0.0234436    0.0172081
    0.618734   3.5228e-28     0.042694  8.81873e-05     0.338484
    0.701159  6.42642e-22     0.234255   0.00466928    0.0599168
     0.71605  9.22725e-26    0.0797431   0.00039609     0.203811
    0.122999  2.71381e-14     0.313509     0.562703  0.000789064
    0.590905  1.80501e-28     0.030804  7.32029e-05     0.378218
    0.471821  2.19054e-30     0.015674  2.28716e-05     0.512482
    0.713467  8.14828e-26    0.0582343  0.000378619      0.22792
    0.641398  2.18065e-27    0.0352582  0.000141582     0.323202
    0.319042  6.66004e-33   0.00604707  5.27537e-06     0.674906
    0.618115  3.26735e-17     0.241487     0.123469    0.0169287
    0.728767   2.6117e-25     0.048077  0.000514104     0.222642
   0.0170277  3.50151e-12    0.0199677     0.962938  6.70469e-05
    0.765274  3.29976e-24    0.0516362   0.00103141     0.182059
    0.686649   3.5461e-26    0.0308618  0.000294788     0.282194
    0.815516  3.00778e-19     0.103022    0.0296192    0.0518433
    0.759374  2.44514e-24    0.0380916  0.000934691     0.201599
    0.712485  1.82092e-25    0.0279508  0.000454426      0.25911
    0.702713  1.24082e-25    0.0248291  0.000407713      0.27205
   0.0386625   1.5559e-12   0.00939778     0.951653  0.000287011
     0.78003  1.29222e-23    0.0292615   0.00145778     0.189251
    0.850227  9.18403e-19    0.0502643    0.0401008    0.0594075
    0.153597  1.47729e-13    0.0162312     0.828018   0.00215403
    0.639359  1.17054e-26    0.0136381  0.000213428     0.346789
    0.786824  3.10962e-23     0.020299   0.00181888     0.191058
    0.237611  1.02185e-34   0.00279033  2.48827e-06     0.759596
    0.448894  4.27175e-30   0.00633302  2.90443e-05     0.544744
    0.735981   2.2742e-24    0.0129381  0.000861931     0.250219
    0.665793  7.39739e-26   0.00993105  0.000341954     0.323934
    0.640765  2.57514e-26   0.00863276   0.00025869     0.350343
    0.555455  5.99455e-28   0.00663443  9.91989e-05     0.437811
    0.497968  4.93992e-29    0.0054764  5.38593e-05     0.496502
    0.536484  3.00288e-28   0.00555945  8.39217e-05     0.457873
    0.666806  1.49304e-25   0.00642695  0.000404633     0.326362
    0.825286   2.7676e-21   0.00720434   0.00604467     0.161465
    0.762033  3.75185e-23   0.00593334   0.00176896     0.230264
    0.800928  6.18708e-22   0.00545769   0.00385228     0.189762
    0.621318  2.55407e-26   0.00424466  0.000254743     0.374182
    0.743797  2.10863e-23   0.00415717   0.00147878     0.250567
    0.802952  8.72081e-17   0.00313616      0.12857     0.065342
    0.405825  6.41925e-31   0.00285312   2.1329e-05     0.591301
    0.297672  1.04547e-33   0.00247956  5.72479e-06     0.699843
    0.817143  9.64606e-21   0.00242631   0.00798511     0.172446
    0.337701    1.035e-32    0.0024185  9.43397e-06     0.659871
    0.587681  8.81117e-27   0.00225378  0.000196033     0.409869
    0.520614  2.68171e-28   0.00214301  8.62818e-05     0.477157
    0.783183  1.55191e-21   0.00144631   0.00455364     0.210817
    0.733021  5.51566e-23   0.00139242    0.0018069     0.263779
    0.583879  9.40233e-27   0.00157318  0.000200661     0.414347
    0.560437  2.65747e-27   0.00148997  0.000149574     0.437923
    0.306725  3.80183e-34   0.00212528  5.99805e-06     0.691143
    0.677105  2.96442e-24  0.000954433  0.000824827     0.321115
    0.480687   2.5452e-29   0.00138404  5.43964e-05     0.517875
    0.783313  9.30932e-21  0.000495883   0.00704227     0.209149
    0.754927  1.09901e-21   0.00048512    0.0038569     0.240731
    0.663155  2.00742e-24  0.000614362  0.000739701     0.335491
     0.59372  2.51004e-26    0.0007138  0.000258247     0.405308
    0.278987  3.75966e-36   0.00250327  3.62202e-06     0.718506
    0.805331  8.84845e-19  0.000164282    0.0246268     0.169877
    0.522707  2.36568e-28  0.000743528  9.39213e-05     0.476455
    0.695945  3.84466e-23  0.000272383   0.00153103     0.302251
    0.791204  3.29912e-19  0.000108477    0.0178082     0.190879
    0.645805  1.20544e-24  0.000284639  0.000647828     0.353263
    0.498709  2.78901e-29  0.000658992  6.38981e-05     0.500568
    0.529913  2.48681e-28  0.000502428  0.000100196     0.469485
    0.635919  6.95971e-25  0.000212437  0.000569811     0.363299
    0.785239  1.67366e-17  2.95211e-05    0.0523439     0.162387
    0.352028  2.36007e-35    0.0022326  7.08722e-06     0.645733
    0.777184   9.8597e-19  2.92332e-05     0.022387       0.2004
    0.759546  1.38575e-16  1.24626e-05    0.0930959     0.147346
    0.666743  1.21313e-23  8.45172e-05    0.0011198     0.332052
    0.729647  5.45233e-21  3.41233e-05    0.0051874     0.265131
    0.698427  2.84354e-22  4.31982e-05    0.0024117     0.299118
    0.758166  3.59602e-19  1.39822e-05    0.0158802      0.22594
    0.622309  2.28679e-25  8.80321e-05  0.000455099     0.377148
    0.626838  3.36178e-25   7.4489e-05  0.000497174      0.37259
     0.62993  4.33198e-25   6.4036e-05  0.000527706     0.369478
    0.587142  4.70328e-27  0.000114362  0.000208615     0.412535
    0.704092  1.30993e-21  1.43259e-05   0.00344124     0.292453
    0.631415  4.04504e-25  4.58457e-05  0.000527499     0.368012
    0.651641  3.70752e-24  2.82015e-05  0.000857499     0.347474
    0.560244  5.67061e-29  0.000168615  9.85156e-05     0.439489
    0.484126  8.08938e-14  1.77741e-07     0.424735    0.0911389
    0.553841  7.75581e-30  0.000209799  7.41044e-05     0.445876
    0.719263  3.47298e-20  3.11653e-06   0.00764659     0.273087
    0.670636  3.49802e-23  9.78357e-06   0.00142929     0.327925
     0.70971  1.19306e-20   2.7382e-06   0.00574441     0.284543
    0.693476   1.0616e-21  3.76194e-06   0.00315598     0.303364
    0.730646  3.13852e-18  6.24429e-07    0.0244493     0.244904
    0.682419  1.97504e-22  3.92486e-06   0.00212068     0.315457
    0.655707  3.53302e-15  8.03182e-08     0.168917     0.175376
    0.646107  2.38073e-25  1.27273e-05  0.000515386     0.353365
     0.65991  2.32776e-24  6.80287e-06  0.000817275     0.339265
    0.717491  3.78215e-17  1.33224e-07    0.0456711     0.236837
    0.648524  8.17504e-26  1.15606e-05  0.000433842     0.351031
    0.658188  4.37768e-25  6.92843e-06  0.000600804     0.341204
    0.714405  1.41108e-18  1.62846e-07    0.0181773     0.267417
    0.693976  1.92774e-21  6.85837e-07   0.00354964     0.302474
    0.676948  1.30042e-23   2.0552e-06   0.00119992      0.32185
    0.697508  5.38494e-21  3.82724e-07   0.00448511     0.298007
    0.612487  1.03425e-14  6.05878e-09      0.19337     0.194143
    0.697505  5.03787e-21  2.79605e-07   0.00439681     0.298098
    0.706049  8.52033e-19    5.904e-08    0.0151575     0.278793
    0.698635  6.84876e-21  1.84315e-07   0.00469965     0.296665
      0.7007  1.46678e-17  1.79642e-08    0.0310817     0.268218
     0.65089  2.07282e-15  3.25404e-09     0.116354     0.232756
    0.664093  9.09548e-16  3.38066e-09    0.0917706     0.244137
    0.701379  1.43661e-18  1.93784e-08      0.01664     0.281981
     0.62883  4.69378e-15  1.23746e-09     0.138725     0.232446
    0.649779  1.65643e-15  1.40379e-09      0.10343     0.246791
     0.69664  5.09812e-18  7.24987e-09    0.0223446     0.281015
    0.677531  1.54631e-16  1.97007e-09    0.0535099     0.268959
    0.705616  1.23901e-21  6.93862e-08   0.00323186     0.291153
    0.713903  1.24417e-24  5.58604e-07  0.000875061     0.285221
    0.661203   5.0192e-16  6.76546e-10    0.0703887     0.268408
    0.712163  4.11869e-22  6.16246e-08   0.00260526     0.285231
    0.715605  1.92226e-22  6.82165e-08   0.00225345     0.282142
    0.713921  1.52267e-21  2.86445e-08   0.00341412     0.282664
    0.666897  2.04735e-16  3.78148e-10    0.0531167     0.279986
    0.696522  1.88818e-18  1.64232e-09    0.0164238     0.287054
    0.725102  2.42844e-22  3.38275e-08   0.00241043     0.272487
    0.715373  1.31221e-20  6.74897e-09   0.00536859     0.279259
    0.685687  1.45991e-17  4.18015e-10    0.0263462     0.287967
    0.661006   2.4411e-16  1.14507e-10    0.0526198     0.286375
     0.50921  1.28255e-13  6.27552e-12     0.254983     0.235808
    0.646512  6.89114e-16  4.78349e-11    0.0669825     0.286505
   0.0266806  2.32247e-09  1.61042e-15     0.959396    0.0139239
    0.750705   7.2434e-23  2.07643e-08   0.00203614     0.247258
    0.682641  2.22064e-17  1.24916e-10    0.0278974     0.289462
    0.687497  1.27846e-17  1.41155e-10    0.0243184     0.288184
    0.738631  4.83842e-21  3.28177e-09   0.00448731     0.256881
    0.758478  2.22695e-22  1.10834e-08   0.00256226      0.23896
    0.728748  5.67395e-20  1.02799e-09    0.0073474     0.263905
    0.638203  9.56583e-16  1.40956e-11    0.0666382     0.295159
    0.538607  6.13825e-14  1.72046e-12     0.184461     0.276932
    0.654705  3.14943e-16  1.81497e-11    0.0498513     0.295444
    0.667303   1.2334e-16  2.46444e-11    0.0395291     0.293168
    0.694221  1.17745e-17  6.39683e-11    0.0228539     0.282925
    0.682323  3.89656e-17  3.32424e-11    0.0298258     0.287851
    0.743659  6.73096e-20  5.58527e-10   0.00769287     0.248648
     0.64795  5.44199e-16  7.58031e-12    0.0543755     0.297674
    0.711586  3.67752e-18  7.28881e-11    0.0174582     0.270955
    0.705492  7.60427e-18  4.66163e-11    0.0203555     0.274152
    0.461151  4.80825e-13  1.38402e-13     0.264629      0.27422
    0.767962  2.00765e-20  6.76567e-10   0.00622457     0.225813
    0.521929  1.06095e-13  2.43601e-13     0.181434     0.296637
    0.376136  2.92406e-12  2.65986e-14     0.375848     0.248016
    0.492983  2.38395e-13  1.10965e-13     0.213416     0.293601
    0.721148   5.1557e-18  3.03663e-11    0.0184866     0.260365
   0.0233208   1.2797e-08  4.11724e-18     0.951914    0.0247655
    0.776969  5.52969e-20  2.57877e-10   0.00768813     0.215343
    0.286445  1.73989e-11  3.00656e-15     0.495615      0.21794
    0.513132  1.51677e-13  6.55534e-14     0.180406     0.306462
    0.734658  4.42007e-18  1.96039e-11    0.0178254     0.247517
    0.876296   3.2578e-24  3.27054e-08   0.00181224     0.121892
     0.81917  4.54028e-21  6.61802e-10   0.00516791     0.175662
    0.676797  2.78727e-16   1.4171e-12    0.0418892     0.281314
    0.105927   7.9394e-10  2.77609e-17     0.783003      0.11107
    0.543807  7.14764e-14  4.01368e-14      0.14178     0.314413
    0.679266   3.2917e-16  8.76519e-13    0.0427837      0.27795
    0.847522   1.5815e-21   8.4418e-10   0.00458466     0.147894
    0.741182  1.20959e-17  4.71075e-12    0.0216785     0.237139
    0.647757  1.91791e-15  2.04749e-13    0.0613968     0.290846
   0.0417245  9.94428e-09  4.24334e-19     0.898863    0.0594124
   0.0229993  3.42062e-08  6.53338e-20     0.939671    0.0373293
    0.778324  2.31084e-18  8.12605e-12    0.0159139     0.205762
    0.670009  1.02823e-15  1.72864e-13    0.0526186     0.277373
    0.535622  1.25796e-13  6.46787e-15      0.14629     0.318087
    0.789813  2.05578e-18  6.37688e-12    0.0156974      0.19449
    0.482077  5.56742e-13  1.61787e-15      0.19706     0.320863
    0.702283  3.72851e-16  1.91747e-13    0.0421076     0.255609
    0.518126  2.40706e-13  2.10172e-15     0.161552     0.320321
    0.433385  1.93268e-12   3.7426e-16     0.246873     0.319742
    0.573232  5.66496e-14  4.21897e-15     0.116858      0.30991
     0.78855  7.82182e-18  1.42382e-12    0.0202141     0.191236
    0.720774  3.06315e-16  1.11959e-13    0.0400224     0.239204
    0.130875   1.1473e-09  4.53294e-19     0.687533     0.181593
 8.12708e-05  0.000283058  7.55571e-28       0.9991   0.00053585
  0.00444855  1.41947e-06  1.16156e-23     0.980591     0.014959
    0.395775  5.68025e-12  4.28468e-17     0.282532     0.321693
    0.693276  1.77711e-15  1.65809e-14    0.0556018     0.251122
    0.619644  2.42072e-14  2.14845e-15     0.092792     0.287564
    0.444236  2.29541e-12  5.20697e-17     0.229295     0.326469
  0.00304474   3.5908e-06  7.78204e-25     0.983835    0.0131163
    0.526388  3.80488e-13  1.56367e-16       0.1577     0.315911
 0.000287194  0.000107835  7.94062e-28     0.997421   0.00218375
  0.00116435  1.79857e-05  2.06764e-26     0.991923   0.00689453
    0.634141  2.60546e-14  7.72929e-16    0.0911429     0.274716
 4.30044e-05   0.00125885  2.07077e-30     0.998155  0.000543414
   0.0286013  1.07335e-07  6.78967e-23      0.88922     0.082179
    0.249343  1.68971e-10  1.97412e-19     0.453667      0.29699
    0.338369  3.03871e-11  8.97503e-19     0.337432     0.324199
 0.000334936   0.00014528  7.94558e-29     0.996193   0.00332679
   0.0151228  4.82221e-07  2.55693e-24     0.926758    0.0581185
    0.364647  2.08557e-11  7.03959e-19       0.3063     0.329053
    0.874655  2.88042e-18  2.56671e-13    0.0185637     0.106781
    0.146128  2.11808e-09  3.09868e-21     0.605248     0.248625
    0.088545  1.11133e-08   2.9428e-22     0.717065      0.19439
   0.0199794  3.88796e-07  1.15733e-24     0.900665     0.079355
    0.850017  2.91767e-17  2.63749e-14    0.0270522      0.12293
 0.000268877  0.000337564  1.80609e-30     0.995435   0.00395884
 0.000492041  0.000166538  6.40049e-30     0.992887   0.00645403
  0.00649071  3.91142e-06  8.23458e-27     0.951959    0.0415463
    0.259015  2.55352e-10  7.84617e-21     0.421112     0.319873
 1.41547e-06    0.0939654  4.06191e-37     0.905948  8.51451e-05
    0.410848  1.52799e-11  1.02861e-19     0.262573      0.32658
    0.019336  6.86503e-07   6.7762e-26     0.887193    0.0934702
    0.282565  1.96392e-10  4.40846e-21      0.38923     0.328205
      0.2406  4.73978e-10  1.28129e-21     0.438711     0.320689
    0.614641  3.08029e-13  2.09725e-18     0.129948     0.255412
   0.0257844  4.84444e-07  4.61984e-26     0.853334     0.120881
 0.000764246  0.000186658  3.90247e-31     0.985977    0.0130718
    0.124829  8.23984e-09  1.36397e-23      0.60483     0.270342
     0.17398  2.54368e-09  5.14826e-23     0.522547     0.303473
   0.0266417  5.75371e-07  1.28957e-26      0.83997     0.133388
  0.00273189  3.85093e-05  3.87424e-30     0.962235    0.0349943
    0.405962  3.28736e-11  4.65876e-21      0.27355     0.320488
     0.12694  1.00836e-08  3.12746e-24     0.589767     0.283293
   0.0306598  5.35079e-07  5.34853e-27      0.81439      0.15495
 0.000229748   0.00157261  3.56321e-34       0.9902   0.00799765
   0.0145771   2.9029e-06  1.62049e-28     0.876445     0.108975
    0.137212  9.45964e-09  1.30131e-24     0.564454     0.298334
  0.00222789  8.54217e-05  1.16896e-31     0.959006    0.0386809
  0.00833746  1.01278e-05  6.96641e-30      0.90552    0.0861326
  0.00594998  1.96961e-05  1.43436e-30     0.920815    0.0732151
    0.310102  3.20982e-10  4.47728e-23      0.35863     0.331267
  0.00648078  1.93445e-05  8.72549e-31     0.912427    0.0810725
    0.101243  3.63566e-08  4.09718e-26     0.612964     0.285793
    0.059223   1.8546e-07  2.41279e-27      0.69941     0.241367
    0.192591  3.94877e-09  6.37662e-25      0.47719     0.330218
    0.568175   4.9058e-12  2.07163e-21     0.188109     0.243716
  0.00236206  0.000144401  3.24021e-33     0.943942     0.053552
   0.0262331  1.74177e-06   1.7433e-29     0.789049     0.184716
   0.0329052  1.09161e-06  3.09534e-29     0.760897     0.206196
   0.0517945  3.70921e-07  1.56542e-28     0.700743     0.247462
    0.014215  7.75167e-06  4.61637e-31      0.83634     0.149437
   0.0351962  1.10344e-06   1.3505e-29     0.743347     0.221456
    0.492712  3.26466e-11  5.15934e-23     0.242295     0.264993
  0.00922383  2.18711e-05  2.52209e-32     0.859598     0.131156
   0.0126177  1.26005e-05  5.80383e-32     0.833061     0.154309
  0.00144923  0.000562783  1.13309e-35     0.942859    0.0551289
    0.582132  9.69254e-12   9.3803e-23     0.200051     0.217817
    0.111582  6.05998e-08  3.88523e-28     0.565614     0.322804
   0.0984256  9.59509e-08  1.40058e-28     0.583585     0.317989
  0.00145372  0.000734547  1.86418e-36       0.9346    0.0632122
   0.0685565    3.169e-07  1.06429e-29     0.631177     0.300266
    0.877112  5.96083e-15  1.36423e-19    0.0673142    0.0555742
   0.0186256  8.99074e-06  1.16344e-32     0.771052     0.210313
  0.00752643  5.99188e-05  1.69811e-34       0.8404     0.152014
    0.737188  8.64539e-13  3.00503e-22     0.137423     0.125389
   0.0126453  2.43439e-05  6.34992e-34     0.793425     0.193906
 0.000513406    0.0051895  1.64365e-39     0.946518    0.0477787
  0.00092956   0.00243107  8.66811e-39     0.929917    0.0667221
    0.264239  4.34784e-09  1.51146e-27       0.4101     0.325661
   0.0768882   3.7832e-07   6.5437e-31     0.594644     0.328467
    0.180847  2.39043e-08  5.99127e-29      0.47591     0.343243
   0.0842877   3.2375e-07  4.98742e-31     0.579235     0.336477
    0.571796  4.50476e-11  3.92253e-25     0.235128     0.193077
     0.18199  2.82385e-08  2.07341e-29      0.47441     0.343601
    0.235144  1.08671e-08  7.76248e-29     0.434305      0.33055
   0.0132623  3.94789e-05  1.11859e-35     0.748211     0.238487
    0.261938  7.81029e-09  7.95145e-29     0.417438     0.320624
    0.398714  9.82739e-10  1.56294e-27     0.337086     0.264199
    0.234304  1.44654e-08  1.72636e-29     0.437006      0.32869
    0.019476  2.14994e-05  1.20695e-35     0.698908     0.281594
  0.00745342  0.000168403  9.18263e-38     0.769774     0.222604
    0.354127  2.59733e-09  1.29996e-28     0.368001     0.277872
    0.891974  1.75608e-14  7.94811e-22    0.0807541    0.0272722
    0.536039  1.99581e-10  3.77287e-27     0.274526     0.189435
   0.0119489   8.1531e-05   1.3384e-37     0.715054     0.272915
    0.302354  7.70726e-09  8.06089e-30     0.402114     0.295532
    0.107173  3.83764e-07  5.44678e-33     0.529883     0.362943
    0.112379   3.5296e-07  4.82931e-33     0.524372     0.363249
    0.701173  1.64096e-11  3.75962e-26     0.196639     0.102188
   0.0774528  1.19412e-06  2.43521e-34     0.553481     0.369065
  0.00513212  0.000602524  1.66948e-40     0.743938     0.250328
    0.311742  1.04055e-08  1.01964e-30     0.404508      0.28375
   0.0604354  2.81068e-06  1.71363e-35     0.565634     0.373927
    0.131956  3.13125e-07  1.12381e-33     0.505484     0.362561
    0.326083  1.05211e-08  4.54968e-31      0.40121     0.272707
    0.184431  1.16663e-07   4.3719e-33     0.474603     0.340966
    0.275263  2.64441e-08  5.25344e-32     0.428958      0.29578
    0.121677  5.23842e-07  1.28755e-34     0.509515     0.368808
    0.772606  6.66137e-12  1.23978e-26     0.171028     0.056366
   0.0197993  6.14964e-05  1.96358e-39     0.609238     0.370901
    0.106415  9.51236e-07  1.57815e-35     0.516103     0.377482
 8.34057e-05     0.264771   3.4746e-50     0.657259    0.0778872
    0.629369  2.05199e-10  3.30163e-29     0.259979     0.110652
    0.627191  2.31147e-10  2.13679e-29     0.262896     0.109913
  0.00521399   0.00121206  2.19053e-43     0.656338     0.337236
    0.148507  4.81505e-07  1.54718e-35     0.492914     0.358578
   0.0935316  2.02466e-06  5.31256e-37     0.516648     0.389818
   0.0185831  0.000107501  3.55385e-41     0.575491     0.405819
    0.063323  6.47872e-06  2.10859e-38     0.528458     0.408212
   0.0838541  3.30737e-06  7.21887e-38     0.517176     0.398967
    0.110389  1.64947e-06  2.54734e-37     0.505939      0.38367
    0.703553   9.6941e-11   1.0431e-29     0.231144    0.0653029
    0.148498  7.83631e-07  7.25933e-37     0.492233     0.359269
    0.232106  1.85978e-07  1.13196e-35     0.464127     0.303767
     0.43734  1.03995e-08  2.15375e-33     0.380122     0.182538
    0.408759   1.6792e-08  6.84867e-34      0.39499      0.19625
    0.517913  3.82481e-09  7.24279e-33     0.343899     0.138188
   0.0315579  5.72454e-05  6.03215e-42     0.519906     0.448479
     0.41012  2.09523e-08  1.97391e-34     0.399248     0.190632
    0.194715  5.42178e-07  2.11298e-37     0.480139     0.325145
    0.385007  3.48121e-08  4.31809e-35     0.413425     0.201568
   0.0201318  0.000186128   7.1472e-44     0.509846     0.469836
    0.833224  3.24031e-12  1.12926e-28     0.153029     0.013747
    0.693068  2.94278e-10   7.8114e-32     0.253773    0.0531595
    0.162387  1.40418e-06  5.78141e-39      0.48918     0.348432
    0.477434  1.42668e-08  5.60481e-35     0.379201     0.143365
    0.540519  6.02567e-09  2.02252e-34     0.348463     0.111018
   0.0902975  8.84418e-06  2.78077e-41     0.493961     0.415733
    0.713693  2.56648e-10  2.53496e-32     0.245893    0.0404141
    0.830127  4.82232e-12  1.10497e-29     0.159493    0.0103801
    0.864281  5.86364e-13  2.27483e-28     0.130992    0.0047268
    0.816003  1.02443e-11   2.0491e-30     0.172092    0.0119042
    0.640774  1.68688e-09  3.49154e-34     0.298719    0.0605065
    0.301746  3.11503e-07  1.16898e-38     0.462388     0.235866
    0.511045   1.7894e-08  2.75416e-36      0.37634     0.112615
    0.646301   1.8823e-09  1.23176e-34     0.298915    0.0547837
   0.0908006  1.60157e-05   3.6014e-43     0.484153      0.42503
    0.508697  2.35547e-08  6.77482e-37     0.381993      0.10931
    0.850118  1.64125e-12  6.68388e-30     0.145891   0.00399049
    0.707117  6.22845e-10  2.71882e-34     0.261581    0.0313019
   0.0913702  2.07281e-05  5.09401e-44     0.479935     0.428675
   0.0555788  6.80152e-05  1.33116e-45     0.461113      0.48324
    0.657008  2.48125e-09  1.00627e-35     0.299739    0.0432524
    0.888132  1.46807e-14  4.21646e-27     0.111403  0.000465577
    0.768086  1.26667e-10  1.04648e-33     0.218442    0.0134714
    0.848309  1.72602e-12  1.11358e-30     0.149193   0.00249834
    0.165427  6.83698e-06  1.50046e-43     0.491186      0.34338
    0.322623  7.21592e-07   2.6421e-41      0.47242     0.204956
   0.0119658   0.00179141  4.59844e-51     0.378708     0.607535
    0.585627  1.69632e-08  3.50939e-38     0.354069    0.0603039
    0.477513  1.06649e-07  6.60054e-40     0.415749     0.106738
    0.629628  8.38554e-09  7.36553e-38     0.327583    0.0427889
   0.0860707  5.41963e-05  7.17362e-47      0.46318     0.450695
    0.760225  2.53928e-10  2.50793e-35     0.229581    0.0101945
     0.14909  1.66677e-05  1.11648e-45     0.487763      0.36313
    0.088594  6.25312e-05  1.77457e-47     0.461031     0.450313
    0.815903  1.66986e-11   1.3815e-33     0.181293   0.00280427
    0.727342  9.91457e-10  6.63519e-37     0.258964    0.0136947
    0.257527  4.30935e-06  1.14876e-44     0.494927     0.247541
    0.800126  4.54915e-11  1.03141e-34     0.196444   0.00343015
    0.545035  8.09589e-08  5.08942e-41     0.390988    0.0639772
    0.852584  3.22069e-13  4.17084e-31     0.147053  0.000363018
    0.772097  2.11767e-10  2.69699e-36     0.222596     0.005307
    0.159071  2.78313e-05  1.48664e-47     0.488134     0.352767
    0.297131  4.09922e-06  1.91036e-45     0.494206     0.208658
    0.805374  3.27449e-11  3.64815e-35     0.192688   0.00193775
    0.490268  3.20454e-07  3.93902e-43     0.428011    0.0817206
    0.797886  5.41135e-11  8.30339e-36     0.200034   0.00208027
    0.541592  1.60923e-07  9.14701e-43     0.401067    0.0573412
    0.806648  2.80135e-11   1.6383e-35     0.192013   0.00133886
    0.745367   9.1817e-10  1.62595e-38     0.248804   0.00582939
    0.800361  4.37424e-11  4.09308e-36     0.198237   0.00140217
    0.833426   1.0828e-12  3.23387e-33     0.166333  0.000241186
    0.613805  5.69711e-08  1.61474e-42     0.357137    0.0290575
    0.840013  1.65384e-14  4.70171e-30     0.159958  2.89463e-05
    0.832846  5.48259e-13  5.53139e-33     0.167019   0.00013476
    0.621779   5.8927e-08  5.64412e-43     0.353241    0.0249804
    0.816844  6.26002e-12  3.28729e-35     0.182803  0.000353222
    0.784179   1.3143e-10  6.85471e-38     0.214463   0.00135777
    0.649386  3.64865e-08  5.80763e-43     0.333628    0.0169868
    0.412869  3.24544e-06  1.68979e-47     0.476515     0.110613
    0.793298  5.96089e-11  1.38473e-37     0.205965  0.000737099
    0.679279  1.85702e-08  9.03847e-43     0.310351    0.0103699
    0.797432  3.59957e-11  2.14804e-37     0.202078  0.000490494
     0.65476  4.37975e-08  7.60759e-44     0.331591    0.0136495
     0.78742   8.6624e-11  2.11868e-38     0.211943  0.000637606
    0.700256  1.13355e-08  6.99683e-43     0.293422   0.00632193
    0.484628  1.97188e-06  5.08272e-48     0.449531    0.0658386
    0.773155  2.66818e-10  9.04522e-40     0.225974  0.000870557
    0.808461  1.27498e-13  3.27377e-33     0.191522   1.6978e-05
    0.632115  1.22498e-07  1.07658e-45     0.352491    0.0153931
    0.747952  1.49498e-09  1.02188e-41      0.25042   0.00162833
   0.0655816   0.00133289  1.91673e-57     0.371147     0.561939
    0.619501  2.11036e-07  1.13643e-46     0.363796    0.0167033
     0.66922  5.32503e-08   1.7615e-45     0.322862    0.0079174
    0.672139  5.13439e-08  1.36321e-45     0.320589   0.00727238
     0.55779  1.09301e-06  8.76412e-49      0.41085    0.0313596
    0.766147   3.9314e-10  2.76621e-41     0.233346  0.000506769
    0.791767  1.63246e-12  2.08373e-36     0.208208  2.54405e-05
    0.761282   5.7668e-10  6.66187e-42     0.238194    0.0005243
    0.632034  2.49418e-07  6.80287e-48     0.356225    0.0117404
     0.78363  1.80058e-11  6.12644e-39     0.216301  6.85831e-05
    0.777146  2.70043e-13  3.23783e-35     0.222848  6.32251e-06
    0.752909  1.10667e-09  4.73678e-43     0.246559   0.00053135
    0.770298  1.49242e-10  2.78085e-41     0.229538  0.000163592
    0.757493  6.61997e-14  2.98451e-34     0.242504   2.0767e-06
    0.719344  1.16646e-08  9.54885e-46     0.279154   0.00150187
     0.55742  2.71239e-06  1.81012e-51     0.416076    0.0265018
    0.710725  2.01949e-08  1.40668e-46     0.287536   0.00173913
    0.769338  3.57941e-12  2.27066e-38      0.23065  1.25485e-05
    0.768825  3.57139e-11  1.12997e-40     0.231134  4.17293e-05
    0.762401  2.02694e-12  4.62946e-38     0.237592  7.32668e-06
    0.665202  1.92688e-07  1.82039e-49     0.330265    0.0045331
    0.759786  2.12387e-10  8.88391e-43     0.240128   8.6425e-05
    0.584583  2.59657e-06  1.51904e-52     0.398475     0.016939
    0.730753  6.70261e-09  1.76004e-46     0.268718  0.000529011
     0.74554  1.51574e-09  3.99857e-45     0.254256  0.000204429
    0.756734  1.13115e-10  1.13453e-42     0.243225  4.06149e-05
    0.730898  5.33902e-13  1.44999e-37       0.2691  1.52291e-06
    0.753988  8.91292e-11  1.08936e-42     0.245983  2.88604e-05
    0.443229   6.7291e-05  2.62671e-57     0.483967     0.072737
    0.729612  7.48094e-09  1.88605e-47     0.270051  0.000336516
    0.724334  1.21702e-08  4.22973e-48     0.275253  0.000412961
    0.743994  2.38528e-11  7.17451e-42     0.255998  8.58046e-06
    0.624969  1.89805e-06  7.97929e-54     0.367725   0.00730396
    0.624722  9.38795e-15  1.95612e-34     0.375278  5.31398e-08
    0.734947   1.6483e-11  7.28173e-42     0.265048  4.92168e-06
    0.685284  2.03511e-07  7.50025e-52     0.313206   0.00151014
    0.723266  1.36778e-08   4.2459e-49     0.276472   0.00026158
    0.683067  4.23653e-13  1.52507e-38     0.316933  3.47722e-07
    0.722304  1.28478e-11  4.27891e-42     0.277693    2.682e-06
    0.732731  2.75508e-09  7.99652e-48     0.267197  7.23873e-05
    0.586293  1.16938e-05  3.07002e-57     0.400881    0.0128139
    0.732873  4.18365e-10  4.24873e-46      0.26711  1.78047e-05
    0.721846  1.47676e-08  4.61818e-50     0.277995  0.000159028
    0.493432  1.48304e-15  1.07371e-33     0.506568  3.86839e-09
    0.659217  1.36155e-06  2.03555e-55     0.338317   0.00246497
    0.707389  2.34466e-11   1.4224e-43     0.292609  1.76116e-06
    0.714756  7.19704e-11  6.95819e-45     0.285241  3.28579e-06
    0.723428  7.38761e-09  4.92965e-50     0.276509  6.29127e-05
    0.688435  3.75777e-07  1.35423e-54     0.310794  0.000770603
      0.7112  1.18206e-10  8.43457e-46     0.288797  3.25104e-06
