 1.82981e-07  2.64026e-08            1  6.25287e-26  2.18657e-43
 5.27581e-11  1.38063e-13            1  2.17674e-12  2.92746e-24
 7.88655e-08  7.33951e-09            1  3.33871e-24  7.19633e-41
  1.8442e-07   2.4474e-08            1   1.3954e-25  1.24244e-42
   3.546e-08  2.14935e-09            1  1.22246e-22  1.48872e-38
 1.99131e-09   2.9414e-11            1  6.53927e-18  6.93854e-32
 1.29053e-07  1.33292e-08            1  1.29228e-24  4.76639e-41
 9.62458e-10  9.29832e-12            1  9.88237e-17  5.05058e-30
   9.983e-09  2.93526e-10            1  2.85696e-20  6.43512e-35
 5.25618e-07  9.30723e-08     0.999999  1.31611e-26  1.96941e-43
 5.12965e-10  3.27829e-12            1  9.81883e-16  2.56918e-28
 1.46976e-09  1.54046e-11            1  3.18264e-17  2.32786e-30
 5.26765e-10  3.19538e-12            1  9.97565e-16  3.99546e-28
 7.99533e-07   1.5096e-07     0.999999  9.79226e-27  3.16424e-43
 1.68998e-09  1.71879e-11            1  2.65421e-17  3.35633e-30
 3.92792e-08  1.76226e-09            1  8.35858e-22  2.13911e-36
 1.00727e-09  7.40296e-12            1  1.66209e-16  6.96004e-29
 1.00533e-09  7.13488e-12            1  1.81855e-16  9.72361e-29
 3.77476e-07  4.35284e-08            1   7.0674e-25  2.74821e-40
 7.87679e-10  4.61888e-12            1   4.5335e-16  5.43382e-28
 4.37954e-09  5.80174e-11            1  2.60793e-18  4.30054e-31
 2.12111e-09  1.90047e-11            1  2.73901e-17  1.47167e-29
 3.62269e-10  1.29262e-12            1  5.55686e-15  3.74893e-26
 9.02141e-10  4.92315e-12            1   4.2581e-16  1.11594e-27
 2.27075e-08  5.79118e-10            1  3.09056e-20  1.96595e-33
 6.87518e-08  2.85921e-09            1  1.22736e-21  2.83217e-35
 5.87369e-11  7.13112e-14            1  9.92894e-13  1.73823e-22
 5.89273e-12  2.04683e-15            1   3.6273e-10  1.62376e-18
 7.89352e-11  1.03945e-13            1  4.75437e-13   8.6638e-23
 1.44345e-09  8.02381e-12            1  2.05806e-16  1.29623e-27
 3.92188e-10  1.09163e-12            1  7.69268e-15  2.96654e-25
 7.89928e-09  9.41809e-11            1  2.39863e-18  3.44227e-30
 1.00174e-09  4.15215e-12            1  7.63706e-16  1.53885e-26
 2.30272e-07  1.26724e-08            1  2.31869e-22  1.45788e-35
 3.36996e-10  7.47837e-13            1  1.54401e-14  1.79284e-24
 4.71577e-10  1.19464e-12            1  7.15138e-15  7.06542e-25
 1.10558e-10  1.28546e-13            1  2.77864e-13  1.87558e-22
  1.7289e-09   7.7862e-12            1  3.26634e-16  1.19034e-26
 1.31165e-09  4.95266e-12            1   7.3958e-16  4.67462e-26
 2.09002e-09  9.57474e-12            1  2.60693e-16  1.26128e-26
 6.38686e-09  4.88307e-11            1  1.81016e-17  3.39708e-28
 1.10306e-08  1.05921e-10            1  5.36028e-18  7.35507e-29
 1.72272e-08  1.97538e-10            1  2.07751e-18  2.34482e-29
  1.1042e-06  8.66544e-08     0.999999  4.82296e-23  1.25682e-35
 9.84385e-08   2.4067e-09            1  3.73306e-20  1.28417e-31
 4.24174e-10  6.88459e-13            1  2.27673e-14  2.56423e-23
 1.35652e-09  3.79696e-12            1   1.7814e-15  7.50252e-25
 2.80331e-11  1.03664e-14            1  9.64306e-12  3.15903e-19
 2.50832e-07  8.15387e-09            1  9.33377e-21  4.08717e-32
 3.95647e-08  5.13265e-10            1  1.07576e-18   3.4634e-29
 1.55388e-09  3.95364e-12            1  2.16832e-15  2.08199e-24
 2.25805e-09   6.6424e-12            1  1.08533e-15  9.17273e-25
 3.90804e-10  4.56574e-13            1   5.3268e-14  3.24751e-22
  2.6587e-11  7.46594e-15            1  1.33736e-11  1.58248e-18
 4.48171e-11  1.58355e-14            1  5.03007e-12  4.26723e-19
 1.42396e-10  8.75754e-14            1  5.46475e-13  1.78641e-20
 6.45506e-12  7.59009e-16            1   2.1314e-10  1.99473e-16
  3.9967e-11  1.17117e-14            1  7.34491e-12  1.30731e-18
 3.10091e-12  2.26901e-16            1  8.13564e-10  2.37605e-15
 1.19296e-10  5.64243e-14            1   1.0516e-12  9.76558e-20
 3.60472e-10  2.87269e-13            1   1.3886e-13  5.60918e-21
 2.43856e-12  1.37947e-16            1  1.24617e-09  8.10472e-15
 1.60437e-08  7.78584e-11            1  1.00032e-16  2.13681e-25
 7.49972e-07  2.20788e-08     0.999999  3.82697e-20  4.44018e-30
 1.10069e-09  1.29374e-12            1   2.6086e-14  9.47265e-22
  1.1026e-06  3.57284e-08     0.999999  2.88249e-20  4.31871e-30
 1.05534e-07  1.07309e-09            1  4.91491e-18  6.13782e-27
  4.2331e-10  2.68369e-13            1  2.14223e-13  3.59914e-20
 7.22433e-11  1.77009e-14            1  5.12678e-12  5.19682e-18
 2.15283e-09  2.83091e-12            1  1.47115e-14  9.59218e-22
 2.40149e-09  3.18706e-12            1  1.39199e-14  1.04706e-21
 2.21929e-10  8.43763e-14            1  9.90338e-13  7.07812e-19
 8.94103e-09   2.0821e-11            1  1.78527e-15  7.37582e-23
 3.11864e-09  4.10934e-12            1  1.35621e-14  1.66478e-21
 1.81554e-09  1.74193e-12            1  3.98029e-14  9.57213e-21
 9.55643e-10  6.33492e-13            1  1.33925e-13  6.82651e-20
 1.20632e-10   2.6582e-14            1    4.247e-12  1.49325e-17
  9.3552e-11  1.72521e-14            1  6.88144e-12  3.69575e-17
 1.44846e-10  3.18919e-14            1  3.82492e-12  1.76567e-17
 5.00946e-11  6.08341e-15            1   2.0808e-11  2.84656e-16
 2.66897e-11  2.22822e-15            1  5.62982e-11  1.59223e-15
 2.35897e-13   1.5316e-18            1  3.66871e-08  7.32808e-11
 2.38539e-12  5.08723e-17            1  1.78933e-09  5.67931e-13
 7.38017e-09  9.31134e-12            1  1.53311e-14  1.01359e-20
 1.54259e-09  8.46834e-13            1   2.0226e-13  5.39371e-19
 5.08376e-10  1.51525e-13            1  1.20024e-12  9.24272e-18
 2.42625e-08   4.7708e-11            1  3.92878e-15  2.24701e-21
 2.65524e-10  5.14932e-14            1  3.80758e-12  7.37791e-17
 2.43522e-09  1.38177e-12            1  1.78315e-13  8.35391e-19
 5.46381e-11  4.25365e-15            1  3.99035e-11  3.89854e-15
 1.52629e-12  1.73248e-17            1  3.88973e-09   7.6229e-12
  7.8338e-09  6.86905e-12            1   5.1296e-14   2.0854e-19
 5.95385e-10  1.35645e-13            1  2.18484e-12  6.79956e-17
 2.45928e-12  3.08908e-17            1  2.41887e-09  5.58356e-12
 1.79631e-11  6.09187e-16            1   2.3602e-10  1.43853e-13
  9.2555e-11  6.97673e-15            1  3.37099e-11  7.49685e-15
 2.88076e-08  3.74518e-11            1  1.88588e-14  1.02378e-19
 4.17906e-09  1.97306e-12            1  3.12288e-13   7.5577e-18
 4.55868e-10   6.6635e-14            1  6.23222e-12  8.37473e-16
 2.86209e-13  8.40065e-19            1  2.93627e-08  1.01943e-09
 4.59068e-09  1.94472e-12            1  4.32806e-13  1.91726e-17
 1.62461e-12  1.08308e-17            1  5.05535e-09  6.71187e-11
 6.49132e-10  9.21132e-14            1  6.45823e-12  1.58516e-15
 1.28894e-11  2.29791e-16            1  6.15628e-10  2.66076e-12
 5.80443e-15  1.58495e-21     0.999997  1.07513e-06  1.66462e-06
 5.63752e-10  6.34716e-14            1  1.08824e-11  5.47978e-15
  1.4891e-09  2.60297e-13            1  3.99817e-12  1.33494e-15
 9.76655e-08  1.30792e-10            1  2.92918e-14   9.7272e-19
 3.14868e-12  2.04784e-17            1  3.43286e-09  9.89311e-11
 6.51732e-11   1.9524e-15            1  1.73964e-10  7.93713e-13
 5.89376e-10  5.17931e-14            1  1.86277e-11  2.55798e-14
 5.02279e-08  3.90648e-11            1  1.39992e-13  1.69633e-17
 2.69734e-09  4.59735e-13            1  4.59451e-12  3.79266e-15
 4.98537e-14  2.70163e-20            1  1.51608e-07  1.81614e-07
 1.54681e-11  1.66636e-16            1  1.06061e-09   3.1601e-11
 6.95713e-10  5.04873e-14            1  2.82516e-11  9.72197e-14
 2.93894e-14  1.01385e-20     0.999999  2.25788e-07   6.1998e-07
 2.85138e-11   3.5705e-16            1  7.49358e-10  2.65071e-11
 4.92211e-05  7.41384e-07      0.99995  1.56296e-16  2.86166e-21
 5.04036e-11  7.57533e-16            1  5.24971e-10  1.90638e-11
 3.64313e-14  1.12742e-20     0.999999  1.89355e-07  8.23046e-07
 1.66208e-10  4.12754e-15            1  2.14705e-10  5.62381e-12
 2.32804e-12  5.90592e-18            1   8.6026e-09  3.52384e-09
 1.61048e-11  1.06363e-16            1  1.91106e-09  2.87907e-10
 8.77635e-11  1.31931e-15            1  4.99981e-10   3.3554e-11
  6.0659e-14  1.85534e-20     0.999999  1.34324e-07  8.95147e-07
 1.60241e-09  9.50555e-14            1   4.9214e-11  9.67438e-13
 5.45449e-13  4.80295e-19            1  3.08433e-08  7.13336e-08
 7.91761e-12  2.69586e-17            1  4.64672e-09  2.58855e-09
 3.34333e-15  1.68692e-22     0.999939  7.82688e-07  6.05132e-05
  1.8472e-13  7.65807e-20     0.999999  6.89941e-08  4.98392e-07
 5.91661e-13  4.29641e-19            1  3.32182e-08  1.40187e-07
   1.124e-14  9.18492e-22     0.999979  3.77269e-07  2.05591e-05
 8.69922e-15  5.83037e-22     0.999968  4.30827e-07  3.17391e-05
 1.59365e-13   4.8108e-20     0.999999  8.19863e-08  1.20677e-06
 5.47403e-15  2.53226e-22      0.99993  5.37836e-07  6.98088e-05
 2.18786e-13  6.93298e-20     0.999999  7.10448e-08   1.1856e-06
 2.36756e-12  2.49477e-18            1   1.7517e-08   8.9512e-08
 4.72718e-12  6.74199e-18            1  1.19918e-08  4.96275e-08
 4.20568e-09  1.87795e-13            1  1.20323e-10  1.88803e-11
 7.25108e-11  3.79928e-16            1  2.38502e-09  3.33111e-09
 1.15517e-09  2.36391e-14            1  3.97517e-10  1.69774e-10
 1.04454e-12  5.25631e-19     0.999999   3.5511e-08  6.39063e-07
  6.7017e-12  8.43291e-18            1  1.30193e-08  1.03535e-07
 5.34711e-13  1.66656e-19     0.999998  5.48552e-08  1.93859e-06
 5.99837e-13  1.86659e-19     0.999998  5.35413e-08  2.08059e-06
 1.89118e-14   8.7149e-22     0.999917  2.80351e-07   8.2345e-05
 9.38598e-12  1.09647e-17            1  1.37992e-08  1.80112e-07
 3.48726e-14  1.96917e-21     0.999939  2.17642e-07  6.07476e-05
 2.46541e-14  1.08468e-21     0.999901  2.53527e-07  9.83713e-05
 3.57016e-12  2.07644e-18     0.999999  2.72174e-08  9.37597e-07
 8.53746e-12  7.35945e-18     0.999999  1.86461e-08  4.93219e-07
 3.03459e-12  1.42557e-18     0.999998  3.27232e-08  1.68149e-06
 5.29369e-15  7.87372e-23     0.999305  4.52111e-07  0.000694175
 1.01298e-13  6.90055e-21     0.999942  1.52994e-07  5.79347e-05
 9.45979e-11  2.20492e-16            1  7.41766e-09  1.24688e-07
 3.81125e-12  1.55797e-18     0.999997  3.64145e-08  3.16275e-06
 4.11747e-12  1.64212e-18     0.999996  3.71615e-08   3.6447e-06
 3.52579e-15  2.82087e-23     0.998116  5.00099e-07     0.001884
 2.03216e-18  2.67621e-28     0.662599  1.62642e-06     0.337399
 4.31874e-10  1.05992e-15            1  6.29006e-09  1.44126e-07
 1.43137e-12  1.41454e-19     0.999972  7.96335e-08  2.81533e-05
  1.6473e-13  4.09079e-21     0.999787  1.79263e-07  0.000213226
 5.09485e-14   5.3479e-22     0.999321   2.6856e-07  0.000678834
 2.70056e-11  6.21964e-18     0.999994   3.4765e-08  6.06009e-06
 3.91857e-11  8.68617e-18     0.999994  3.35358e-08  6.11342e-06
 4.35346e-16  1.74785e-25     0.963336  8.11879e-07    0.0366632
 5.80972e-14   2.5646e-22     0.998496  3.00538e-07   0.00150375
  7.2517e-15  8.27132e-24     0.992117  4.89548e-07   0.00788231
 1.27079e-18  1.58505e-29     0.419103  5.81245e-07     0.580896
 6.62577e-11  6.01504e-18     0.999981  4.68532e-08  1.88401e-05
 3.79596e-14  5.21033e-23     0.995359  3.68704e-07   0.00464069
  2.0896e-07  7.49091e-13            1  2.65569e-09  7.66189e-08
 1.40343e-13  2.42347e-22     0.997027  2.98695e-07   0.00297279
 2.54112e-13  4.76064e-22     0.997492  2.73716e-07   0.00250748
 4.78839e-11  1.13453e-18     0.999899  8.26334e-08  0.000101115
 7.33052e-11  1.71567e-18       0.9999  8.01531e-08  0.000100398
 8.48266e-15  1.27305e-24     0.966486  4.80728e-07    0.0335139
 1.21056e-12  2.02515e-21     0.997732  2.35314e-07   0.00226791
 4.78601e-14  1.12835e-23     0.981969  3.96578e-07    0.0180308
  2.8638e-14  4.05711e-24     0.971825  4.19821e-07    0.0281745
 1.90425e-13  5.84522e-23     0.987855  3.43011e-07    0.0121448
 3.10643e-16  2.70107e-27     0.738994  4.16494e-07     0.261005
 7.21002e-25   1.1346e-39   0.00499096  7.14942e-10     0.995009
 4.51779e-19  1.40889e-31     0.184661  8.42052e-08     0.815339
 3.90647e-17  6.63846e-29     0.489565  2.40951e-07     0.510435
 4.19817e-21  1.19743e-34    0.0515887  1.38825e-08     0.948411
 1.74884e-22  1.02915e-36     0.022745  3.79663e-09     0.977255
 9.34529e-13  1.27059e-22     0.980242  3.27049e-07    0.0197576
 6.20814e-18  1.94881e-30     0.289901  1.03422e-07     0.710099
 4.43531e-14  7.59111e-25     0.900108  3.63123e-07    0.0998912
 2.66316e-16  2.91236e-28     0.541319  2.05019e-07     0.458681
 2.36346e-09  7.64099e-18     0.998951  1.49279e-07   0.00104872
 6.24934e-18  8.10646e-31     0.252165  6.74692e-08     0.747835
 4.01551e-19  1.24712e-32     0.136888  2.59343e-08     0.863112
 3.85001e-16  2.06693e-28     0.492324  1.55967e-07     0.507676
 4.33427e-17  6.85775e-30     0.328847  8.40449e-08     0.671152
 1.43882e-20  5.03166e-35    0.0659061  5.84308e-09     0.934094
  7.0499e-11  8.64296e-21     0.979354  3.16724e-07    0.0206461
 1.25283e-15   4.8334e-28     0.499019  1.41512e-07     0.500981
  5.2867e-07  4.13751e-15     0.999238  1.35275e-07   0.00076157
 7.64645e-15  4.48775e-27     0.579303  1.72837e-07     0.420697
  4.9949e-16  6.45052e-29     0.387521  8.73228e-08     0.612479
 9.50274e-12  1.25458e-22     0.900952  3.50102e-07     0.099048
 9.03246e-15  3.04942e-27     0.523398  1.46431e-07     0.476601
 1.97631e-15  2.73194e-28     0.414584  1.00841e-07     0.585416
  1.7365e-15  1.90714e-28      0.39063  9.40151e-08      0.60937
 9.05885e-07  2.10368e-15     0.995421  3.27487e-07   0.00457783
 4.11163e-14   1.4694e-26     0.522198  1.81477e-07     0.477802
 4.61755e-11  4.55162e-22     0.846434  4.96877e-07     0.153565
 1.88967e-07  1.11494e-16     0.982593  5.72281e-07    0.0174061
  6.8424e-16  2.05915e-29     0.282101  5.91706e-08     0.717899
 1.15058e-13  3.46633e-26     0.482583  2.05757e-07     0.517417
 9.95082e-21  8.43096e-37    0.0790948  1.29204e-09     0.920905
 6.87705e-18  1.28765e-32     0.152323   1.2349e-08     0.847677
 3.07839e-14  2.96543e-27     0.363114  1.38035e-07     0.636886
  3.8956e-15  1.15665e-28     0.279867  7.67957e-08     0.720133
 2.23876e-15  4.26514e-29      0.25394  6.28618e-08      0.74606
 2.37702e-16  1.24832e-30     0.198511  3.08067e-08     0.801489
 5.72446e-17  1.22315e-31     0.171783  1.87048e-08     0.828217
 1.96472e-16  6.52974e-31      0.18543  2.62365e-08      0.81457
  1.0738e-14  2.23871e-28     0.247066  8.21614e-08     0.752934
 6.61423e-12  2.80431e-24     0.398971  4.03614e-07     0.601028
 4.57464e-13  4.41947e-26     0.301415  2.07521e-07     0.698584
 3.12737e-12  6.66019e-25     0.329236  3.23005e-07     0.670764
 5.59283e-15  4.19283e-29     0.199777  5.69995e-08     0.800223
 4.39296e-13  2.54691e-26     0.251078  1.84733e-07     0.748922
 1.15541e-08  8.70373e-20     0.485622  1.66986e-06     0.514377
 1.31028e-17  2.26956e-33      0.15156  7.02257e-09      0.84844
 3.63843e-19  6.94946e-36     0.154879  1.81488e-09     0.845121
 3.55948e-11  9.92005e-24     0.251263  4.85057e-07     0.748737
 1.78265e-18  5.45076e-35      0.16077  2.90269e-09      0.83923
 6.56585e-15  1.53649e-29     0.157985  4.33835e-08     0.842015
 8.95097e-16  5.89639e-31     0.152346  2.21676e-08     0.847654
  1.6205e-11  1.63776e-24      0.17485  3.50091e-07     0.825149
  2.1199e-12  6.35995e-26     0.152649  1.99067e-07      0.84735
 1.09803e-14  1.63836e-29     0.140702   4.2278e-08     0.859298
 5.78506e-15  5.02805e-30     0.138692  3.31202e-08     0.861308
 7.34322e-19  2.86114e-36     0.219115  1.34419e-09     0.780885
 5.20618e-13  3.78998e-27     0.119069  1.15237e-07     0.880931
 5.42498e-16   6.8396e-32     0.148203  1.33217e-08     0.851797
 1.00223e-10  9.00961e-24     0.099791   4.2358e-07     0.900209
 2.83476e-11  1.11078e-24    0.0923198  2.97283e-07      0.90768
 6.34521e-13  2.59246e-27    0.0963966  1.03192e-07     0.903603
 5.12526e-14  4.16221e-29     0.106558  4.73925e-08     0.893442
 1.52044e-19  4.44166e-38     0.377042  4.21111e-10     0.622958
 2.86691e-09  7.51403e-22    0.0576976  7.63628e-07     0.942302
 4.88176e-15  5.51944e-31     0.125269  1.97677e-08     0.874731
 6.47864e-12  4.23323e-26    0.0636847  1.59292e-07     0.936315
 1.93283e-09  2.68646e-22    0.0415531  6.19723e-07     0.958446
 1.01306e-12  1.58328e-27     0.067461  8.83352e-08     0.932539
 2.44555e-15  7.92315e-32     0.140803  1.30094e-08     0.859197
 9.61025e-15  5.95501e-31     0.116733  1.96587e-08     0.883267
 1.02872e-12  9.43864e-28    0.0598072  7.86111e-08     0.940193
 3.41498e-08  1.18826e-20    0.0190442  9.35018e-07     0.980955
 1.66944e-18  2.11515e-37     0.495778  5.45829e-10     0.504222
 6.63832e-09    6.924e-22    0.0170682  6.12902e-07     0.982931
 1.62115e-07  9.24605e-20    0.0110829  1.12168e-06     0.988916
 9.35544e-12  1.36611e-26    0.0347495  1.18578e-07      0.96525
 3.66827e-10  4.37746e-24    0.0181139  2.85341e-07     0.981886
 7.13821e-11  2.63238e-25    0.0218979  1.85208e-07     0.978102
 5.30676e-09  2.37508e-22   0.00997714  4.80227e-07     0.990022
 1.54795e-12  3.39487e-28    0.0429594  6.21334e-08     0.957041
 2.15796e-12  4.85948e-28    0.0390159   6.5739e-08     0.960984
 2.79312e-12  6.15717e-28    0.0359263  6.80902e-08     0.964074
  2.6596e-13  9.73964e-30     0.064968  3.28728e-08     0.935032
 3.09219e-10  1.06431e-24    0.0108349  2.11723e-07     0.989165
  3.8315e-12  5.83337e-28    0.0312539  6.66282e-08     0.968746
 1.44273e-11  4.49255e-27     0.021177  9.20776e-08     0.978823
 4.27644e-14  1.81187e-31     0.121402  1.53898e-08     0.878598
  2.3297e-05  5.28484e-17  0.000695647  1.49893e-06      0.99928
 1.97607e-14  3.02999e-32      0.16927  1.06635e-08      0.83073
 3.45771e-09  2.20448e-23   0.00370614  2.94345e-07     0.996294
  8.5035e-11  3.55605e-26    0.0104908  1.22107e-07     0.989509
 2.28427e-09  7.93748e-24    0.0035457   2.5206e-07     0.996454
 6.66032e-10  8.28373e-25    0.0048757  1.86013e-07     0.995124
 6.19054e-08  1.49222e-21   0.00110524  4.55224e-07     0.998894
 3.30243e-10  1.74074e-25   0.00558798  1.48608e-07     0.994412
 4.39596e-06  1.38233e-18  0.000255663  8.60652e-07     0.999739
 1.24125e-11  3.84084e-28     0.019433  6.11504e-08     0.980567
 4.51109e-11  3.03653e-27     0.011248  8.33125e-08     0.988752
 3.71675e-07  1.48628e-20  0.000349842  5.28079e-07     0.999649
 1.05536e-11  1.50684e-28    0.0217636  5.31893e-08     0.978236
  2.7786e-11  6.85818e-28    0.0140209  6.70418e-08     0.985979
 7.57825e-08  6.28772e-22  0.000441288  3.66473e-07     0.999558
 2.50745e-09  1.38511e-24    0.0016914  1.83863e-07     0.998308
 2.18359e-10   1.4782e-26   0.00517101  1.03279e-07     0.994829
 5.22043e-09  3.52915e-24   0.00109113  2.02543e-07     0.998909
 1.50075e-05  3.15558e-18  3.51143e-05   7.2164e-07     0.999949
  6.1644e-09  3.30225e-24  0.000906778  1.98566e-07     0.999093
 9.64073e-08  3.69124e-22  0.000226181  3.22496e-07     0.999773
 8.81265e-09  4.35016e-24  0.000684301  2.02468e-07     0.999315
 5.11315e-07  5.13827e-21  8.49416e-05  4.08219e-07     0.999914
 8.08715e-06  5.69021e-19  2.10933e-05  6.36335e-07      0.99997
 5.47749e-06  2.50982e-19  2.18811e-05  6.42501e-07     0.999972
 1.95283e-07  5.73819e-22  0.000102701  4.22676e-07     0.999897
 1.54705e-05  1.19134e-18   1.0072e-05  8.21123e-07     0.999974
 9.30801e-06  4.23865e-19  1.11851e-05   8.2138e-07     0.999979
 4.82683e-07  1.80299e-21  4.79246e-05   5.8853e-07     0.999951
 3.03432e-06  4.28997e-20  1.55439e-05  8.09087e-07     0.999981
 9.77813e-09  9.33747e-25   0.00046911  3.44914e-07     0.999531
 4.49091e-10  2.10085e-27   0.00422159  1.89752e-07     0.995778
 6.99254e-06  1.24912e-19  6.74225e-06   1.0837e-06     0.999985
 8.14408e-09  3.55017e-25  0.000516407  4.07637e-07     0.999483
 6.43191e-09  1.82058e-25  0.000616865  4.16579e-07     0.999383
 1.86524e-08   1.1451e-24  0.000276577  5.48226e-07     0.999723
 5.95545e-06  5.11095e-20  4.63334e-06  1.38035e-06     0.999988
 6.49683e-07  6.83552e-22  1.90706e-05  1.11873e-06     0.999979
 1.14097e-08  2.31028e-25  0.000411031  6.16642e-07     0.999588
 7.73216e-08  7.88152e-24  8.67598e-05  9.32886e-07     0.999912
 2.25571e-06  4.32387e-21  6.14753e-06  1.61932e-06      0.99999
 9.55672e-06  5.69853e-20  1.93688e-06  2.03693e-06     0.999986
 0.000250076  2.25776e-17  1.70578e-07  2.84237e-06     0.999747
 1.84918e-05  1.46093e-19  9.54609e-07  2.49235e-06     0.999978
    0.167354  3.09272e-12  1.34704e-09  3.16338e-06     0.832643
  1.5739e-08  8.70577e-26  0.000385281  1.09135e-06     0.999614
 4.61095e-06  6.11612e-21   2.1702e-06  2.69593e-06     0.999991
 3.90475e-06  3.69777e-21  2.32813e-06  2.85145e-06     0.999991
 1.33432e-07  3.44815e-24  5.17458e-05  1.98308e-06     0.999946
 4.12834e-08   2.4216e-25  0.000176965  1.76374e-06     0.999821
 4.75746e-07  3.00723e-23   1.4763e-05  2.78336e-06     0.999982
 3.97591e-05  1.82401e-19  2.14305e-07  4.69599e-06     0.999955
 0.000312555  8.98957e-18  3.11524e-08  5.64818e-06     0.999682
 2.79568e-05  6.50209e-20  2.44513e-07  5.32051e-06     0.999966
  1.9927e-05  2.76637e-20   3.1188e-07  5.60367e-06     0.999974
 7.76052e-06   3.3675e-21  7.55716e-07  5.61601e-06     0.999986
 1.42717e-05  9.76301e-21  3.80864e-07  6.38685e-06     0.999979
 1.08682e-06  3.65301e-23  6.23761e-06  5.40211e-06     0.999987
 5.35857e-05  1.03433e-19  8.32935e-08  8.14417e-06     0.999938
 6.92178e-06  1.20722e-21   7.3539e-07  7.67457e-06     0.999985
 1.03074e-05   2.2897e-21  4.52614e-07  8.60334e-06     0.999981
   0.0014914  5.72098e-17  1.92331e-09  1.11557e-05     0.998497
 1.17909e-06  1.35612e-23  6.55397e-06  8.29316e-06     0.999984
 0.000825913  1.28462e-17  2.68161e-09  1.29654e-05     0.999161
  0.00430411      3.3e-16  3.98893e-10  1.36945e-05     0.995682
  0.00136532  2.70455e-17  1.18269e-09  1.50859e-05      0.99862
 1.58037e-05  1.65848e-21  2.37281e-07  1.47212e-05     0.999969
    0.444043  4.72453e-12  6.27856e-13  6.78428e-06     0.555951
 3.45769e-06  3.45838e-23  2.03839e-06  1.56729e-05     0.999979
   0.0136056  1.88129e-15  4.67399e-11  1.87146e-05     0.986376
   0.0015404  1.64358e-17  5.34902e-10  2.23325e-05     0.998437
 2.46456e-05  1.49183e-21  1.29485e-07  2.34987e-05     0.999952
  2.0112e-07  1.22104e-26  0.000358421  1.58407e-05     0.999626
 2.58609e-06  4.62758e-24  4.97233e-06   2.4162e-05     0.999968
 0.000159397  5.45947e-20  8.21763e-09  3.23238e-05     0.999808
    0.125038  1.10969e-13  8.12651e-13  2.11009e-05      0.87494
  0.00169275  7.67288e-18  2.41677e-10  3.67148e-05     0.998271
 0.000222459  6.33076e-20   4.5677e-09  4.24865e-05     0.999735
  3.4742e-06  2.17629e-24  5.97373e-06  4.01302e-05      0.99995
 8.07635e-05  3.73678e-21  2.37589e-08  5.13778e-05     0.999868
 0.000561047  2.95267e-19  9.64258e-10  5.50066e-05     0.999384
    0.430526  1.38644e-12  1.57511e-14  1.65445e-05     0.569458
    0.628076  4.61926e-12  2.82613e-15  1.00962e-05     0.371913
  6.9893e-05  9.67503e-22  3.80898e-08  7.62579e-05     0.999854
 0.000633703   1.7204e-19  7.06772e-10  8.01453e-05     0.999286
  0.00405071  1.19706e-17  2.76472e-11  7.71075e-05     0.995872
 9.38713e-05  9.14889e-22  2.77725e-08  0.000103759     0.999802
  0.00825439  4.58049e-17  6.86201e-12  8.58529e-05      0.99166
 0.000643416  7.31194e-20   6.9392e-10  0.000119379     0.999237
  0.00690252  2.09403e-17  7.88122e-12  0.000105787     0.992992
   0.0162281  1.40617e-16  1.51904e-12  0.000103029     0.983669
  0.00473847  5.68147e-18  1.39999e-11  0.000134539     0.995127
 0.000278782  3.00772e-21  5.09998e-09  0.000191182      0.99953
 0.000975541   6.3988e-20  3.50347e-10   0.00019549     0.998829
    0.239786  7.02399e-14  3.59313e-15  6.70753e-05     0.760147
    0.998963  5.58963e-09  1.93424e-23  1.08462e-08   0.00103718
    0.949541  4.88263e-11  1.76414e-19  1.83541e-06    0.0504571
   0.0374121  3.51107e-16  1.39382e-13  0.000169495     0.962418
  0.00273527  2.90374e-19  4.34912e-11  0.000300946     0.996964
  0.00679218  2.68084e-18  5.35634e-12  0.000292238     0.992916
   0.0328775  1.47367e-16  1.40701e-13  0.000235217     0.966887
    0.969889   7.7693e-11  7.90129e-21  1.22593e-06    0.0301094
   0.0208279  2.91906e-17  3.64776e-13  0.000323002     0.978849
    0.996834  1.40721e-09  9.29425e-24  6.35355e-08   0.00316597
    0.988682  2.62152e-10   1.8259e-22  3.80371e-07     0.011318
   0.0115637    2.886e-18   1.5952e-12  0.000515186     0.987921
    0.999428   1.2115e-08  2.84212e-26  6.39374e-09  0.000571578
    0.807399  2.51882e-12     3.26e-19  2.30068e-05     0.192578
      0.2054  6.65784e-15  5.01967e-16  0.000257618     0.794342
    0.129144  1.35261e-15  1.90791e-15  0.000369781     0.870486
    0.996636  1.20941e-09  5.45413e-25  9.02303e-08   0.00336348
    0.904654  7.29968e-12  9.35112e-21  1.12601e-05    0.0953346
    0.135929  9.90657e-16  1.27202e-15  0.000496318     0.863575
  0.00253376  2.42252e-21  6.70807e-10   0.00197513     0.995491
    0.470273  6.44734e-14  6.50786e-18   0.00020239     0.529525
    0.639874  2.77734e-13  6.27528e-19  0.000114977     0.360011
    0.898479  5.83169e-12  2.68629e-21  1.78078e-05     0.101504
  0.00687806  2.00772e-20  5.52287e-11   0.00276331     0.990359
    0.997385  2.54082e-09  7.52305e-27  8.40379e-08   0.00261475
    0.995776  1.28785e-09  2.16778e-26  1.81125e-07   0.00422431
    0.965738  4.17484e-11  1.58381e-23  4.61238e-06    0.0342579
    0.374168  1.15682e-14  9.54098e-18  0.000584017     0.625248
    0.999947   1.0329e-06  7.09685e-33   1.9593e-10  5.14763e-05
    0.228356  1.14724e-15   1.0945e-16   0.00125417     0.770389
    0.926014  8.99062e-12  8.11929e-23  2.03659e-05    0.0739655
    0.409261  1.01256e-14  4.17768e-18  0.000816926     0.589923
    0.487466  2.13236e-14  1.13561e-18  0.000678384     0.511856
    0.132061  5.71388e-17   2.0641e-15   0.00330638     0.864633
     0.91929  6.53631e-12  3.86396e-23  3.25734e-05    0.0806776
    0.994662  1.39309e-09  6.08946e-28  4.05141e-07   0.00533737
    0.735506  2.25162e-13  8.86555e-21  0.000301935     0.264192
    0.669611  8.78143e-14  3.13417e-20  0.000512023     0.329877
    0.928613  7.42616e-12  7.78577e-24  3.74996e-05    0.0713497
     0.98729  3.08444e-10   3.3348e-27  2.13836e-06    0.0127082
    0.435696  2.96092e-15  2.66295e-18   0.00236466      0.56194
    0.785007  2.67254e-13  1.36647e-21   0.00036189     0.214631
    0.931597  6.87643e-12  2.30991e-24  5.00217e-05    0.0683531
    0.997783  1.15382e-08  4.95219e-31  1.22777e-07   0.00221722
    0.962945   2.9283e-11  6.72942e-26  1.98806e-05    0.0370349
    0.810288   2.5496e-13  4.13553e-22  0.000459129     0.189253
    0.990238  6.41782e-10  6.63144e-29  2.03006e-06   0.00975954
    0.976946  8.83134e-11  2.61062e-27  1.06035e-05    0.0230437
    0.982042  1.61628e-10  5.44271e-28  7.16159e-06    0.0179506
    0.700842  1.90692e-14  1.19578e-20   0.00204921     0.297109
     0.98188  1.58356e-10  2.82221e-28  8.43552e-06     0.018112
    0.887313  7.38291e-13  7.91048e-24  0.000341651     0.112345
    0.926442  2.76579e-12  4.41508e-25  0.000161271    0.0733971
    0.835799  1.29274e-13  1.08886e-22  0.000992494     0.163209
    0.609719   9.3803e-16  5.47771e-19    0.0091397     0.381141
    0.991111  1.05652e-09  1.02661e-30  2.88138e-06   0.00888603
    0.963122  1.82595e-11  2.65443e-27   5.9647e-05    0.0368181
    0.959049  1.21831e-11  4.19185e-27   8.2947e-05    0.0408681
     0.94779  4.86895e-12  1.82583e-26   0.00015813    0.0520521
    0.976768  6.82589e-11   6.5565e-29  2.96012e-05     0.023202
    0.961845  1.22591e-11   1.4474e-27  9.91392e-05    0.0380556
    0.784527  3.73328e-15  6.37986e-21   0.00756211      0.20791
     0.98312   1.7642e-10  3.32296e-30  1.89595e-05    0.0168606
    0.980506  1.06252e-10  6.51643e-30  2.89421e-05     0.019465
    0.993754  4.13922e-09  2.58213e-33  2.21374e-06   0.00624387
    0.809708  1.57796e-15  9.39171e-21    0.0126368     0.177656
    0.942941  1.07645e-12  2.22541e-26  0.000590483    0.0564688
    0.949367    1.562e-12  7.50049e-27  0.000505087    0.0501283
    0.993872   5.5037e-09   3.4522e-34  2.58505e-06   0.00612562
    0.961838  4.20342e-12  5.15874e-28  0.000320799    0.0378415
      0.7484  1.05199e-17  2.66973e-17    0.0796399      0.17196
    0.980971  7.90013e-11  8.35325e-31  6.18275e-05    0.0189667
    0.987619  4.66052e-10   1.7601e-32  2.09801e-05    0.0123601
    0.861952  2.83636e-16  2.94001e-20    0.0305465     0.107501
    0.985151  1.99986e-10  5.98584e-32  4.25106e-05    0.0148061
    0.996069  4.53964e-08  6.72464e-37  1.05549e-06   0.00392984
    0.994987  2.00718e-08  2.83207e-36  2.14762e-06   0.00501116
     0.95226  1.25476e-13  7.80993e-26   0.00290732    0.0448324
    0.973097  4.82889e-12  4.12171e-29  0.000490564    0.0264127
    0.964164  4.79964e-13  3.29713e-27   0.00167657    0.0341594
    0.974555  4.21136e-12  3.29199e-29  0.000589393    0.0248552
    0.941536    3.986e-15  2.70548e-23    0.0141369    0.0443268
    0.969608  5.40348e-13  1.23365e-27   0.00181616     0.028576
    0.968356  2.47514e-13  4.58485e-27   0.00272455    0.0289195
    0.987929   3.3056e-10  1.71698e-33  6.62083e-05    0.0120049
    0.970598  1.87023e-13    4.867e-27   0.00335352    0.0260481
    0.966519   3.8024e-14  9.78746e-26   0.00690254    0.0265789
    0.974776   3.3466e-13  1.12214e-27   0.00294994     0.022274
    0.987727  2.22855e-10  1.92813e-33  0.000123459    0.0121493
    0.990605  1.77042e-09  2.44555e-35  4.13614e-05   0.00935361
    0.974749  9.96015e-14  8.64863e-27   0.00596657    0.0192842
    0.900347  1.98679e-17  1.32225e-19    0.0855171    0.0141361
    0.969938  1.54465e-14  2.72276e-25    0.0133644    0.0166973
    0.990153  1.14657e-09  3.55862e-35  8.55764e-05   0.00976156
    0.980689  2.93788e-13  5.91876e-28     0.004988    0.0143231
    0.986075  8.65342e-12   5.7234e-31   0.00126834    0.0126568
    0.986526  8.52997e-12  5.16711e-31   0.00138719    0.0120869
    0.962709  3.12002e-15  3.29527e-24    0.0275436   0.00974731
    0.988309  2.90023e-11  3.32674e-32  0.000941659    0.0107498
    0.992114  1.34688e-08  1.03034e-37  4.31511e-05   0.00784235
    0.984698  5.18189e-13  8.55783e-29   0.00587967   0.00942243
     0.98982  7.76055e-11   3.0236e-33  0.000783051   0.00939662
    0.989057    1.095e-11  1.40301e-31    0.0020253   0.00891766
    0.985739  6.13957e-13  4.05745e-29   0.00667013   0.00759121
    0.988997  5.09585e-12  5.01925e-31   0.00322211   0.00778082
    0.987625  1.48504e-12  5.24315e-30   0.00551001   0.00686537
     0.99059  2.21692e-11  1.95685e-32   0.00208494   0.00732504
    0.956604  2.53267e-15  1.23813e-24    0.0402845   0.00311111
    0.992122  2.52825e-09  9.59747e-37  0.000301225   0.00757689
    0.991575   4.6197e-11  2.92846e-33   0.00197727   0.00644774
    0.994229  4.95502e-05  9.25041e-46  1.31902e-06   0.00572022
    0.973634  3.99819e-14  3.06493e-27    0.0235031   0.00286287
    0.973755  4.60307e-14  2.00961e-27    0.0236186   0.00262673
     0.99257  8.34091e-08  3.64772e-40  9.23529e-05    0.0073379
    0.991918  3.28831e-11  2.90798e-33   0.00336946   0.00471223
    0.992831  1.36882e-10  1.40145e-34   0.00212544    0.0050434
    0.993126  8.00566e-09  3.00009e-38  0.000415195   0.00645912
     0.99338  4.86856e-10  8.00188e-36   0.00153322   0.00508702
    0.993307  2.66277e-10  2.37332e-35   0.00212476   0.00456867
    0.993038  1.43208e-10  7.26093e-35   0.00292003   0.00404209
    0.964622   3.4659e-14  1.09517e-27    0.0343473   0.00103053
    0.992443  7.85664e-11  1.84195e-34   0.00424303   0.00331367
    0.990421  2.14738e-11  2.19285e-33   0.00700986   0.00256916
    0.983019  1.76206e-12  2.87086e-31    0.0154191   0.00156192
    0.984051  2.80255e-12  9.78786e-32    0.0144025   0.00154675
    0.978275   8.4458e-13   9.2585e-31    0.0206078    0.0011168
    0.994204  8.43331e-09  6.53739e-39    0.0011574   0.00463873
    0.983204  3.99123e-12  3.08784e-32    0.0155456   0.00125021
     0.99091  8.27308e-11  5.97717e-35   0.00705201   0.00203802
    0.983724  6.94693e-12  7.54069e-33    0.0151153    0.0011603
    0.994164  4.04377e-08  1.46903e-40  0.000932358   0.00490365
    0.934024  4.16366e-15   1.3292e-26    0.0658267  0.000149375
    0.959875  1.49576e-13  9.92685e-30    0.0397814   0.00034348
    0.991166  2.80644e-10  2.39867e-36   0.00706001   0.00177367
    0.976885   4.1738e-12   9.7798e-33    0.0224809  0.000633809
    0.972182  2.10236e-12  3.29218e-32    0.0273374  0.000480339
    0.993063  2.23024e-09  2.27325e-38   0.00473558   0.00220128
    0.953482  1.71797e-13  3.46664e-30    0.0463262   0.00019185
    0.929556  7.64481e-15  1.35786e-27     0.070379  6.51674e-05
     0.91791  1.53308e-15  2.71081e-26    0.0820566  3.31949e-05
    0.931537  1.51045e-14  2.59887e-28    0.0684023  6.06051e-05
    0.958965  9.89023e-13  5.75884e-32    0.0408391  0.000195906
    0.982233  1.07489e-10  4.20399e-36    0.0170973  0.000669684
     0.96879  8.30458e-12  6.07622e-34    0.0309169  0.000293387
    0.955561  1.26883e-12  2.17692e-32    0.0442923  0.000146902
    0.991318  7.39383e-09  5.02808e-40   0.00708676   0.00159535
    0.966411  1.24855e-11  1.66863e-34    0.0333506  0.000238497
    0.915744   4.7414e-15  8.29783e-28    0.0842421  1.40019e-05
    0.943402  6.18714e-13  4.73515e-32    0.0565283  6.96386e-05
    0.990042  1.26071e-08  9.10329e-41   0.00856739   0.00139011
    0.991834  5.22203e-08  4.28599e-42   0.00624642   0.00191979
    0.946344  2.31961e-12  2.11046e-33    0.0535808   7.4994e-05
    0.907086  1.32868e-16  4.26114e-25    0.0929127  1.44234e-06
    0.926787  2.11141e-13  1.74798e-31    0.0731898  2.36528e-05
    0.909551  6.54577e-15  1.41389e-28    0.0904439  5.13034e-06
     0.98209  5.29688e-09  2.03981e-40    0.0172383  0.000671551
    0.970146  5.41426e-10  1.72721e-38    0.0295677  0.000285931
    0.992276  4.77733e-06  1.33731e-46   0.00311414   0.00460486
     0.94454  1.81141e-11  1.10704e-35    0.0553933  6.63832e-05
    0.953744  1.02247e-10  2.96209e-37    0.0461425  0.000113492
    0.936058  1.08263e-11  2.19894e-35    0.0638995  4.21928e-05
    0.984176  8.01723e-08  3.09012e-43    0.0148074   0.00101666
    0.913603  5.86098e-13  5.11239e-33    0.0863876   9.6212e-06
    0.976377  2.28327e-08  2.85003e-42    0.0230665  0.000556329
    0.981494  1.14357e-07  9.16192e-44    0.0175939  0.000912156
     0.90052  6.76259e-14  2.22406e-31     0.099478  2.32813e-06
    0.910645  2.30446e-12  1.69854e-34    0.0893456   9.6938e-06
    0.960812  6.45056e-09  1.86483e-41    0.0389507  0.000237244
    0.896973  1.80401e-13  1.89656e-32     0.103025  2.24983e-06
    0.927464  1.39698e-10  2.84723e-38    0.0724977  3.87512e-05
    0.900048  3.01528e-15  4.64012e-29    0.0999517  2.21244e-07
    0.893583  7.76098e-13  6.18682e-34     0.106414  2.77342e-06
    0.962732  6.98372e-08  6.44083e-44    0.0368871  0.000381074
    0.944822  8.64583e-09  3.64278e-42    0.0550344  0.000143855
    0.885906  1.78233e-13  6.86891e-33     0.114094  8.34846e-07
    0.917679  7.29585e-10  3.60349e-40    0.0822825  3.82444e-05
    0.881721   3.0074e-13  1.70282e-33     0.118278  7.76773e-07
    0.905086  4.21653e-10  7.48941e-40    0.0948911  2.30301e-05
    0.878864   1.8575e-13  3.13824e-33     0.121136   4.3277e-07
    0.874846  4.15415e-12  5.25485e-36     0.125152  1.80559e-06
     0.87401  2.98916e-13   8.5022e-34     0.125989  3.93794e-07
     0.88919  1.26302e-14  4.06634e-31      0.11081   6.0198e-08
    0.877506  2.09309e-10   1.2025e-39     0.122485  8.36587e-06
    0.920085  3.72515e-16  3.36737e-28     0.079915  5.57078e-09
    0.892498  7.83363e-15  6.31344e-31     0.107502  2.60054e-08
    0.863714  2.55236e-10  4.59538e-40      0.13628  6.06885e-06
    0.873317   7.0434e-14  5.35816e-33     0.126683  6.15691e-08
    0.854286  1.08078e-12  1.82715e-35     0.145714  2.37168e-07
    0.846758  1.91596e-10  4.59846e-40     0.153238  3.38349e-06
    0.870314  1.69402e-08  4.82602e-44     0.129655  3.10486e-05
    0.851202  6.11165e-13  3.34074e-35     0.148798  1.01706e-07
    0.829749  1.19477e-10  6.64516e-40     0.170249  1.66947e-06
     0.85058  4.25027e-13   4.8397e-35      0.14942  5.75025e-08
     0.81977  2.98241e-10  7.14457e-41     0.180228  2.04565e-06
    0.838781   1.0194e-12  5.69388e-36     0.161219  6.69186e-08
    0.808633  9.27975e-11  5.06399e-40     0.191366  7.76283e-07
    0.816165  1.49592e-08  1.50952e-44     0.183823  1.17199e-05
    0.820458  3.23176e-12  3.12024e-37     0.179542  7.77192e-08
    0.907222  3.50276e-15  2.76113e-31    0.0927777  9.34175e-10
    0.781495  1.10338e-09  1.52826e-42     0.218503  1.73934e-06
    0.793927  1.80906e-11   5.2559e-39     0.206073  1.29596e-07
    0.869879   6.1094e-05  3.14344e-52     0.129449  0.000610582
    0.758456  2.20095e-09  2.02464e-43     0.241542  1.65497e-06
    0.753526  6.08669e-10  2.22504e-42     0.246474  6.57637e-07
    0.746284  6.18665e-10  1.74683e-42     0.253716  5.66254e-07
    0.733041  1.33332e-08  2.77672e-45     0.266955  3.09141e-06
    0.784194  6.94915e-12  1.16564e-38     0.215806  2.46251e-08
    0.871914  4.73935e-14  2.76268e-34     0.128086   7.7815e-10
    0.770427  1.08574e-11  3.14175e-39     0.229573  2.27241e-08
    0.696646  3.73275e-09  1.52056e-44     0.303354  7.73266e-07
    0.826503  4.79576e-13  1.36406e-36     0.173497  1.99096e-09
    0.901296  1.05069e-14  2.88955e-33    0.0987041  1.18049e-10
    0.741317  2.39523e-11  2.75197e-40     0.258683  1.82717e-08
    0.777067    3.852e-12  1.02136e-38     0.222933  4.47853e-09
    0.924097  3.16948e-15  1.90534e-32    0.0759027  2.57811e-11
    0.680801  2.56128e-10  1.04889e-42     0.319199  5.08997e-08
    0.609182  5.91871e-08  1.03729e-47     0.390817  1.49922e-06
    0.655904  4.76365e-10   1.8545e-43     0.344096   5.4072e-08
    0.852069  1.46395e-13   3.5763e-36     0.147931  1.66945e-10
    0.795285  1.30418e-12   3.1054e-38     0.204715  6.42732e-10
    0.864124  9.26151e-14  6.35358e-36     0.135876  7.78618e-11
    0.579625  5.16887e-09  4.92596e-46     0.420374  1.34227e-07
    0.738485  7.88418e-12  3.89144e-40     0.261515  1.25741e-09
    0.520165  7.79735e-08  9.98598e-49     0.479834  5.99923e-07
    0.628759  2.27543e-10  1.94188e-43     0.371241  9.19371e-09
    0.666114  5.76395e-11  3.01126e-42     0.333886  2.87881e-09
    0.745068  5.14628e-12  4.38586e-40     0.254932  4.11539e-10
    0.894726  3.36052e-14  1.38901e-35     0.105274  7.59882e-12
    0.747479  4.46049e-12  4.01973e-40     0.252521  2.44973e-10
    0.408531  3.33604e-06  7.36597e-53     0.591462  3.01318e-06
    0.582333  3.28873e-10  2.34318e-44     0.417667  3.86027e-09
    0.558346   5.4771e-10  6.10644e-45     0.441654    4.624e-09
    0.785377  1.49683e-12  1.90411e-39     0.214623  4.58907e-11
    0.399569  8.54018e-08  5.59903e-50     0.600431  1.22134e-07
    0.963618  8.83331e-16  5.90267e-33    0.0363821  7.75171e-14
    0.794934   1.1817e-12  1.76526e-39     0.205066  1.97877e-11
    0.422254  1.03606e-08   2.6616e-48     0.577746  1.56441e-08
    0.507208  7.88632e-10  6.87645e-46     0.492792   1.9156e-09
    0.905839  3.86612e-14  1.28911e-36    0.0941614  6.39106e-13
    0.800624  1.08427e-12  9.77938e-40     0.199376  7.55608e-12
    0.555132   1.9279e-10  8.51931e-45     0.444868  3.60928e-10
    0.271112  7.35705e-07  4.61407e-53     0.728887  1.49081e-07
    0.636331  3.46345e-11  2.70373e-43     0.363669  6.20898e-11
    0.457587  1.08217e-09  8.22638e-47     0.542413  7.50831e-10
    0.983569  1.96548e-16  1.67369e-32    0.0164311  1.58354e-15
    0.277656  9.40841e-08  1.47909e-51     0.722344  1.58037e-08
    0.768828  2.53816e-12  3.97735e-41     0.231172  3.07769e-12
    0.711945  7.81871e-12   2.7448e-42     0.288055   6.2266e-12
    0.454689  6.81152e-10  7.59244e-47     0.545311  1.89791e-10
     0.27986  3.04151e-08  6.95728e-51      0.72014  3.14032e-09
     0.67827  1.42227e-11  4.18441e-43      0.32173  5.21251e-12
